ccdr74 = [(1000, 3.39826781949507e-6, 0.044150466261079224740538042063147386328),
 (1100, 3.73809460144458e-6, 0.044040209177976683601733165972574803387),
 (1200, 4.07792138339409e-6, 0.043936918694300562958938995750223143608),
 (1300, 4.41774816534359e-6, 0.043844340226459856576129590642908508880),
 (1400, 4.75757494729310e-6, 0.043757893890574713122887618806883525804),
 (1500, 5.09740172924261e-6, 0.043676399064282421247385738280998298903),
 (1600, 5.43722851119211e-6, 0.043599121527969825093055835661760285527),
 (1700, 5.77705529314162e-6, 0.043523448910342486464443393196777881345),
 (1800, 6.11688207509113e-6, 0.043447590607811614070244675792786420546),
 (1900, 6.45670885704064e-6, 0.043367312929118321144284875917622582794),
 (2000, 6.79653563899014e-6, 0.043299156202475174024225683510083199819),
 (2100, 7.13636242093965e-6, 0.043239099958490876499801272470460477734),
 (2200, 7.47618920288916e-6, 0.043166186426626568149151999676130656871),
 (2300, 7.81601598483866e-6, 0.043106536555040822930825361711117775858),
 (2400, 8.15584276678817e-6, 0.043050315936107622834102600889862256119),
 (2500, 8.49566954873768e-6, 0.042991793054270253988219041984758131329),
 (2600, 8.83549633068718e-6, 0.042934633279666287276692869216074808875),
 (2700, 9.17532311263669e-6, 0.042877889616649967297022662522337070605),
 (2800, 9.51514989458620e-6, 0.042821983111535910556461355596803356100),
 (2900, 9.85497667653571e-6, 0.042763532273825577655896705296594480571),
 (3000, 0.0000101948034584852, 0.042714146518501077313571879671197597383),
 (3100, 0.0000105346302404347, 0.042660821534019005444025488605655082751),
 (3200, 0.0000108744570223842, 0.042617686495223497412541916374364662983),
 (3300, 0.0000112142838043337, 0.042569125626237872379940948355927439632),
 (3400, 0.0000115541105862832, 0.042523473787622697704319778322523391064),
 (3500, 0.0000118939373682327, 0.042477430448884687634062116124849241471),
 (3600, 0.0000122337641501823, 0.042426849688967053450665649048399957720),
 (3700, 0.0000125735909321318, 0.042382499084559940130500747743021778136),
 (3800, 0.0000129134177140813, 0.042338256015640235760055124507313401863),
 (3900, 0.0000132532444960308, 0.042295897534893987358179077669298692160),
 (4000, 0.0000135930712779803, 0.042255144708483343151587586755346905735),
 (4100, 0.0000139328980599298, 0.042211309607022265606307990890962239450),
 (4200, 0.0000142727248418793, 0.042170356306463338552171165017902687792),
 (4300, 0.0000146125516238288, 0.042131483742425688733612058080595396017),
 (4400, 0.0000149523784057783, 0.042091242731856565643527653757999534806),
 (4500, 0.0000152922051877278, 0.042051242613222523565722736977043501845),
 (4600, 0.0000156320319696773, 0.042015738166820414335161503806855857868),
 (4700, 0.0000159718587516268, 0.041976162785011091216463041802704762615),
 (4800, 0.0000163116855335763, 0.041938950708853663577615972941874590105),
 (4900, 0.0000166515123155258, 0.041909276345072477598778792977553446602),
 (5000, 0.0000169913390974754, 0.041877133679169023831262735349337624472),
 (5100, 0.0000173311658794249, 0.041842540568406638397454709420974003291),
 (5200, 0.0000176709926613744, 0.041808300374578672422609433589807377498),
 (5300, 0.0000180108194433239, 0.041775273044457124898754962017214773815),
 (5400, 0.0000183506462252734, 0.041747705435383432497971247088122493623),
 (5500, 0.0000186904730072229, 0.041717303831630734961138246037608225040),
 (5600, 0.0000190302997891724, 0.041685466281959155033819577885564213273),
 (5700, 0.0000193701265711219, 0.041658932030820936328114612205821674150),
 (5800, 0.0000197099533530714, 0.041629555572334523545833845412781503881),
 (5900, 0.0000200497801350209, 0.041598374063682693128283456313675134949),
 (6000, 0.0000203896069169704, 0.041573138345244659753029451855674387246),
 (6100, 0.0000207294336989199, 0.041542446396949133327897267233673548789),
 (6200, 0.0000210692604808694, 0.041511391480115148830948636272272661390),
 (6300, 0.0000214090872628189, 0.041481109817959162420263106678024633462),
 (6400, 0.0000217489140447685, 0.041453637183361430733109912644507017252),
 (6500, 0.0000220887408267180, 0.041423694329628544741491691882998198199),
 (6600, 0.0000224285676086675, 0.041403221467417859559495310492484537298),
 (6700, 0.0000227683943906170, 0.041372806876842877549372842412859676663),
 (6800, 0.0000231082211725665, 0.041340628216660829923323873063148383106),
 (6900, 0.0000234480479545160, 0.041312421177403517866346765864827707046),
 (7000, 0.0000237878747364655, 0.041285828415244172272229842059055614958),
 (7100, 0.0000241277015184150, 0.041260655130266625732358370130442385116),
 (7200, 0.0000244675283003645, 0.041238222172799171429503622745771168456),
 (7300, 0.0000248073550823140, 0.041213806772559201484611670032265939196),
 (7400, 0.0000251471818642635, 0.041192197573464156652985065064625872728),
 (7500, 0.0000254870086462130, 0.041168528614622218901534172538429952260),
 (7600, 0.0000258268354281625, 0.041145665290136580228676167232307925523),
 (7700, 0.0000261666622101120, 0.041117089129842801985907572188595732293),
 (7800, 0.0000265064889920616, 0.041091572647814415388431519959221566421),
 (7900, 0.0000268463157740111, 0.041065822514541535696461002974911336324),
 (8000, 0.0000271861425559606, 0.041042577902359313162270691026199159781),
 (8100, 0.0000275259693379101, 0.041017955082978828254762396598947007230),
 (8200, 0.0000278657961198596, 0.040999869852763699620569199942823572970),
 (8300, 0.0000282056229018091, 0.040978760393650322347196101922675799877),
 (8400, 0.0000285454496837586, 0.040957122921940556668681959126392533202),
 (8500, 0.0000288852764657081, 0.040939173908284135461609590490826390565),
 (8600, 0.0000292251032476576, 0.040916952088181491957603466187872404935),
 (8700, 0.0000295649300296071, 0.040891769185696058482694170022784535722),
 (8800, 0.0000299047568115566, 0.040870100353671722229498724566107218150),
 (8900, 0.0000302445835935061, 0.040849576116385956217153834944234564782),
 (9000, 0.0000305844103754556, 0.040829082423811241760382429108494629505),
 (9100, 0.0000309242371574051, 0.040808941046933175900785968641292460751),
 (9200, 0.0000312640639393547, 0.040790515504612407180092760599086000677),
 (9300, 0.0000316038907213042, 0.040763924378534321118536571547153062529),
 (9400, 0.0000319437175032537, 0.040748226533917905264466400884981500070),
 (9500, 0.0000322835442852032, 0.040728473006299271872124254714956512184),
 (9600, 0.0000326233710671527, 0.040710904770878440920536574026005635593),
 (9700, 0.0000329631978491022, 0.040689359962143448280230197555714364945),
 (9800, 0.0000333030246310517, 0.040674496797519249904557394660034545981),
 (9900, 0.0000336428514130012, 0.040655593821689862616948206891327105693),
 (10000, 0.0000339826781949507, 0.040638236502386770385183868341123603209),
 (10100, 0.0000343225049769002, 0.040618299067793289782487468562940840360),
 (10200, 0.0000346623317588497, 0.040602069382264879922756973049935326705),
 (10300, 0.0000350021585407992, 0.040586053810793781037130323054022425830),
 (10400, 0.0000353419853227487, 0.040568235501611696479095253823944793711),
 (10500, 0.0000356818121046982, 0.040553516979870949787857250076197142585),
 (10600, 0.0000360216388866478, 0.040538231210155859940137078583383975917),
 (10700, 0.0000363614656685973, 0.040519208756283308989679495826259568677),
 (10800, 0.0000367012924505468, 0.040504491234628557224964389119326341889),
 (10900, 0.0000370411192324963, 0.040488028240607840057670601134619480317),
 (11000, 0.0000373809460144458, 0.040474081848903134222354153782757266899),
 (11100, 0.0000377207727963953, 0.040458366883738499001783208351644351579),
 (11200, 0.0000380605995783448, 0.040446138062967781785374031014451419856),
 (11300, 0.0000384004263602943, 0.040430887997680448259212574430582699807),
 (11400, 0.0000387402531422438, 0.040417577204783594915091544107917620295),
 (11500, 0.0000390800799241933, 0.040402534010292978989239187009696942948),
 (11600, 0.0000394199067061428, 0.040387660322998854397619160810831890698),
 (11700, 0.0000397597334880923, 0.040370868914642489193452233361063132122),
 (11800, 0.0000400995602700418, 0.040357261295347546288834284112621607515),
 (11900, 0.0000404393870519913, 0.040342376864791084658130996039895951874),
 (12000, 0.0000407792138339409, 0.040330810532840030565743815143212610801),
 (12100, 0.0000411190406158904, 0.040317080033465164907188530381502502310),
 (12200, 0.0000414588673978399, 0.040303815973817152687252902916683349080),
 (12300, 0.0000417986941797894, 0.040291902736481284378091182612133790097),
 (12400, 0.0000421385209617389, 0.040278572859287727757976144655058330115),
 (12500, 0.0000424783477436884, 0.040265895799779025818099788085242402888),
 (12600, 0.0000428181745256379, 0.040251644362736691460420794998477068556),
 (12700, 0.0000431580013075874, 0.040237742239848923936288280934912004187),
 (12800, 0.0000434978280895369, 0.040227093847525588345662883648646110319),
 (12900, 0.0000438376548714864, 0.040214439407628421920522349903858651375),
 (13000, 0.0000441774816534359, 0.040200988294576847407948262699206320764),
 (13100, 0.0000445173084353854, 0.040185306420483604479923729940238171751),
 (13200, 0.0000448571352173349, 0.040176258250896851922808031648509650803),
 (13300, 0.0000451969619992844, 0.040165178684588666097719405301742766499),
 (13400, 0.0000455367887812340, 0.040153193283225063869818119265010403262),
 (13500, 0.0000458766155631835, 0.040143992706127275145681744233016284778),
 (13600, 0.0000462164423451330, 0.040133021258334575206655980090788340875),
 (13700, 0.0000465562691270825, 0.040122449862124426080519247942654698932),
 (13800, 0.0000468960959090320, 0.040110951572760828355224298617898198081),
 (13900, 0.0000472359226909815, 0.040101848650726411395096403282205546957),
 (14000, 0.0000475757494729310, 0.040091305925075849614556612365339890027),
 (14100, 0.0000479155762548805, 0.040078522144015490514924655974150267936),
 (14200, 0.0000482554030368300, 0.040067832708975435252805806574851132373),
 (14300, 0.0000485952298187795, 0.040057307543186640713291646797672547444),
 (14400, 0.0000489350566007290, 0.040047450669381430478940068815908161536),
 (14500, 0.0000492748833826785, 0.040036528078842294285629395730861887648),
 (14600, 0.0000496147101646280, 0.040026700847742297578935179244370011752),
 (14700, 0.0000499545369465775, 0.040018278390230829545840928152518674294),
 (14800, 0.0000502943637285271, 0.040007054585045591837219930944213132186),
 (14900, 0.0000506341905104766, 0.039999365033738678596700486311269136229),
 (15000, 0.0000509740172924261, 0.039988042654564003454185653310746618611),
 (15100, 0.0000513138440743756, 0.039980124593530321737451194694246554124),
 (15200, 0.0000516536708563251, 0.039969873393530025291727278980469345443),
 (15300, 0.0000519934976382746, 0.039961711239343858007470549940380169881),
 (15400, 0.0000523333244202241, 0.039952098823555954830116164918939044730),
 (15500, 0.0000526731512021736, 0.039945526251275668433210262988159240251),
 (15600, 0.0000530129779841231, 0.039933067155677718562129684742760899718),
 (15700, 0.0000533528047660726, 0.039922513136341597089670193842751539087),
 (15800, 0.0000536926315480221, 0.039914391980645190191376544649537392319),
 (15900, 0.0000540324583299716, 0.039907384771918836139986457080097734349),
 (16000, 0.0000543722851119211, 0.039899616378661943471609874689904995628),
 (16100, 0.0000547121118938706, 0.039892484806869826079460069300422727162),
 (16200, 0.0000550519386758201, 0.039886360287254605388686869913362321816),
 (16300, 0.0000553917654577697, 0.039877214503775304770532890635030519996),
 (16400, 0.0000557315922397192, 0.039870000185561912147802365038646760356),
 (16500, 0.0000560714190216687, 0.039862976350629808387858763541698886075),
 (16600, 0.0000564112458036182, 0.039855414226973295205038279414009094894),
 (16700, 0.0000567510725855677, 0.039848628625145282037312849898285259986),
 (16800, 0.0000570908993675172, 0.039842525466451008995662394302430188417),
 (16900, 0.0000574307261494667, 0.039835065236342148638139935823854031881),
 (17000, 0.0000577705529314162, 0.039828480534804735556577542990156045104),
 (17100, 0.0000581103797133657, 0.039822106777831616242931621455265512841),
 (17200, 0.0000584502064953152, 0.039814250697367137495916654183564183512),
 (17300, 0.0000587900332772647, 0.039809319038058004566931337235762517244),
 (17400, 0.0000591298600592142, 0.039802000329328461632293450332091752240),
 (17500, 0.0000594696868411637, 0.039792212582674666623803347337062577532),
 (17600, 0.0000598095136231132, 0.039785575369432264202410606016749613915),
 (17700, 0.0000601493404050628, 0.039781107512710193731274833778147811805),
 (17800, 0.0000604891671870123, 0.039776318044800138198606835763113374813),
 (17900, 0.0000608289939689618, 0.039766389756976720988132261468781467501),
 (18000, 0.0000611688207509113, 0.039758457391446489044867148914721051704),
 (18100, 0.0000615086475328608, 0.039752515252010014580335410687125487632),
 (18200, 0.0000618484743148103, 0.039744828415868240116658415291616159574),
 (18300, 0.0000621883010967598, 0.039741002195760129117864936429058087825),
 (18400, 0.0000625281278787093, 0.039736182316600814537125860814618404719),
 (18500, 0.0000628679546606588, 0.039730805599919695093276575691638015742),
 (18600, 0.0000632077814426083, 0.039723590536911727683902944876435422575),
 (18700, 0.0000635476082245578, 0.039717003913863326521968233497242470265),
 (18800, 0.0000638874350065073, 0.039711035695728187641702375648783720578),
 (18900, 0.0000642272617884568, 0.039704616931928724192311807700468834280),
 (19000, 0.0000645670885704063, 0.039698745481970140737066867068649403636),
 (19100, 0.0000649069153523559, 0.039693109746440902262072521374819170442),
 (19200, 0.0000652467421343054, 0.039688472863793465134041568090417546245),
 (19300, 0.0000655865689162549, 0.039684465733158941982949184522122307759),
 (19400, 0.0000659263956982044, 0.039678439357884585692512640008840207063),
 (19500, 0.0000662662224801539, 0.039674336062883940465483676216164103613),
 (19600, 0.0000666060492621034, 0.039669511839044140593967035110770634406),
 (19700, 0.0000669458760440529, 0.039664076732992695228475195683524178885),
 (19800, 0.0000672857028260024, 0.039659210112808693799266726791874395845),
 (19900, 0.0000676255296079519, 0.039652954834520812310850620788175920302),
 (20000, 0.0000679653563899014, 0.039649082784098750554786097190824717359),
 (20100, 0.0000683051831718509, 0.039646118892962941103239007647578913830),
 (20200, 0.0000686450099538004, 0.039642813867677438524463203636312802758),
 (20300, 0.0000689848367357499, 0.039635562287546448726957690544324824139),
 (20400, 0.0000693246635176994, 0.039630632395403993337550627748886696683),
 (20500, 0.0000696644902996490, 0.039628016373677936469407285960974030283),
 (20600, 0.0000700043170815985, 0.039624542566054503783226204062205240396),
 (20700, 0.0000703441438635480, 0.039621247643489240264022338006408819571),
 (20800, 0.0000706839706454975, 0.039615712914344299368887308195784832008),
 (20900, 0.0000710237974274470, 0.039611881630578973076667330900487085781),
 (21000, 0.0000713636242093965, 0.039611651704600759801175613284827555556),
 (21100, 0.0000717034509913460, 0.039607255287814680226832625192283195579),
 (21200, 0.0000720432777732955, 0.039604040567470563646444090636185522807),
 (21300, 0.0000723831045552450, 0.039599799641870345075442253953533941864),
 (21400, 0.0000727229313371945, 0.039597213870816947326539356247772611931),
 (21500, 0.0000730627581191440, 0.039593531690234349634483165548901095938),
 (21600, 0.0000734025849010935, 0.039591541248669203854325257944106621585),
 (21700, 0.0000737424116830430, 0.039588849851346683580704063205706107738),
 (21800, 0.0000740822384649925, 0.039588069423179666485539047279781336708),
 (21900, 0.0000744220652469421, 0.039587534883863106370656958547813826400),
 (22000, 0.0000747618920288916, 0.039585137395429781741876690710469431352),
 (22100, 0.0000751017188108411, 0.039581539675900007562695729327374892605),
 (22200, 0.0000754415455927906, 0.039581199354683213830786778837799136928),
 (22300, 0.0000757813723747401, 0.039575205154780972532409409674150596840),
 (22400, 0.0000761211991566896, 0.039573500987112739602933030570789900452),
 (22500, 0.0000764610259386391, 0.039569173567240145096510917513224495684),
 (22600, 0.0000768008527205886, 0.039567285613630084942378939706059966546),
 (22700, 0.0000771406795025381, 0.039565911726769624452336044928876320376),
 (22800, 0.0000774805062844876, 0.039565486868319208590218811573946184510),
 (22900, 0.0000778203330664371, 0.039563797179730273376490794098422805321),
 (23000, 0.0000781601598483866, 0.039561808995902832805365728395099209325),
 (23100, 0.0000784999866303361, 0.039558244368473838272638433447962404714),
 (23200, 0.0000788398134122856, 0.039555996352818232955527317945472413433),
 (23300, 0.0000791796401942352, 0.039552136348984124631966136807332270453),
 (23400, 0.0000795194669761847, 0.039550888935934433394187835511179017245),
 (23500, 0.0000798592937581342, 0.039546680270443922899364373964434896245),
 (23600, 0.0000801991205400837, 0.039543892082552938864982511647681236599),
 (23700, 0.0000805389473220332, 0.039543140889724710490819113913321342661),
 (23800, 0.0000808787741039827, 0.039539784262867810757646584099077559959),
 (23900, 0.0000812186008859322, 0.039537120168527074917632382429409413200),
 (24000, 0.0000815584276678817, 0.039534396425347175057509842692979136577),
 (24100, 0.0000818982544498312, 0.039532492431425672014341176680607960828),
 (24200, 0.0000822380812317807, 0.039530812710466027635460403284665970987),
 (24300, 0.0000825779080137302, 0.039530259538065066301912265303993172039),
 (24400, 0.0000829177347956797, 0.039528871611210388164353269292892372436),
 (24500, 0.0000832575615776292, 0.039527196762407474302911868297111436189),
 (24600, 0.0000835973883595788, 0.039526321700517559524151382953251272032),
 (24700, 0.0000839372151415283, 0.039523404051576294988732086696472816601),
 (24800, 0.0000842770419234778, 0.039522337182573892809906134108340597065),
 (24900, 0.0000846168687054273, 0.039520596444054369407741654809014032671),
 (25000, 0.0000849566954873768, 0.039519742241258098087088323122588908679),
 (25100, 0.0000852965222693263, 0.039519553731158404293899169375969166903),
 (25200, 0.0000856363490512758, 0.039517272205209418478740548091045574790),
 (25300, 0.0000859761758332253, 0.039516764210302172454818733671769166390),
 (25400, 0.0000863160026151748, 0.039515587358458763717185194536494588433),
 (25500, 0.0000866558293971243, 0.039514132681530140020931130474202900044),
 (25600, 0.0000869956561790738, 0.039512855580625044425065777707194937169),
 (25700, 0.0000873354829610233, 0.039514057712793277534233059991917832449),
 (25800, 0.0000876753097429728, 0.039513814073260080269979917383707581915),
 (25900, 0.0000880151365249223, 0.039512077878062210357538080020952932413),
 (26000, 0.0000883549633068719, 0.039510650351332822506659270954629660172),
 (26100, 0.0000886947900888214, 0.039511233345711935748202764998188989066),
 (26200, 0.0000890346168707709, 0.039512193775082513150663649368610489837),
 (26300, 0.0000893744436527204, 0.039511462529708980737359683758229757074),
 (26400, 0.0000897142704346699, 0.039512145196423534277040235761419963880),
 (26500, 0.0000900540972166194, 0.039510471089620414502914597092331990001),
 (26600, 0.0000903939239985689, 0.039511897511214056856908526092994190069),
 (26700, 0.0000907337507805184, 0.039511546223301187978336780259904139574),
 (26800, 0.0000910735775624679, 0.039512955152742711415830275126056280028),
 (26900, 0.0000914134043444174, 0.039513199364301726331408101282597090703),
 (27000, 0.0000917532311263669, 0.039514790767323938032998116868656071071),
 (27100, 0.0000920930579083164, 0.039515953025590553728449026774482773511),
 (27200, 0.0000924328846902659, 0.039513919987544224801181266534944941619),
 (27300, 0.0000927727114722154, 0.039514187852662628445745060173331176227),
 (27400, 0.0000931125382541650, 0.039514315243899543737899195972259327913),
 (27500, 0.0000934523650361145, 0.039515068151387523940804734908698008407),
 (27600, 0.0000937921918180640, 0.039514718805650613158012975150495810893),
 (27700, 0.0000941320186000135, 0.039515079678746920304096627971308557547),
 (27800, 0.0000944718453819630, 0.039517821077933455824373685596757949782),
 (27900, 0.0000948116721639125, 0.039517208739936692409220230793232542425),
 (28000, 0.0000951514989458620, 0.039517589298946522403889480340189079593),
 (28100, 0.0000954913257278115, 0.039518883249405545472351777173981992286),
 (28200, 0.0000958311525097610, 0.039517955428629522656353635707022792986),
 (28300, 0.0000961709792917105, 0.039516802168724425209436902424196807797),
 (28400, 0.0000965108060736600, 0.039516810032324682388951916042763093428),
 (28500, 0.0000968506328556095, 0.039516334942416575635965179038537582948),
 (28600, 0.0000971904596375590, 0.039517694103598221954264810235787499354),
 (28700, 0.0000975302864195085, 0.039515874743536742494917504383423097479),
 (28800, 0.0000978701132014581, 0.039517368689598112817268434072622090642),
 (28900, 0.0000982099399834076, 0.039518511083089713477571047677305671924),
 (29000, 0.0000985497667653571, 0.039518586906864912352032420473548381839),
 (29100, 0.0000988895935473066, 0.039519697856138883092911485073533844273),
 (29200, 0.0000992294203292561, 0.039519550327946525651660594465086000548),
 (29300, 0.0000995692471112056, 0.039521009497143097993948844278215020518),
 (29400, 0.0000999090738931551, 0.039521638932356414604909411668828160429),
 (29500, 0.000100248900675105, 0.039524459138509186388959716692988478869),
 (29600, 0.000100588727457054, 0.039526957341087544406406847538467432944),
 (29700, 0.000100928554239004, 0.039526648923888565226004519779954611558),
 (29800, 0.000101268381020953, 0.039529903675617863317172007994927499738),
 (29900, 0.000101608207802903, 0.039531138562376622324120085381679624623),
 (30000, 0.000101948034584852, 0.039532634098098988670574191878182248929),
 (30100, 0.000102287861366802, 0.039533059364915375687831094592499623825),
 (30200, 0.000102627688148751, 0.039535108309361489166762198238541076468),
 (30300, 0.000102967514930701, 0.039538015545180268154127600390192803147),
 (30400, 0.000103307341712650, 0.039539427445802305421737745673313031049),
 (30500, 0.000103647168494600, 0.039539636028564246009680542709139436322),
 (30600, 0.000103986995276549, 0.039542965929440689429916334029850663092),
 (30700, 0.000104326822058499, 0.039545571224270656419516025613009632572),
 (30800, 0.000104666648840448, 0.039545362602310655486392587666977813409),
 (30900, 0.000105006475622398, 0.039548437806598057366349983297444482561),
 (31000, 0.000105346302404347, 0.039550803393673491375831926346404981748),
 (31100, 0.000105686129186297, 0.039554238295606428336116820217738643597),
 (31200, 0.000106025955968246, 0.039558187425456485110158599597049411124),
 (31300, 0.000106365782750196, 0.039561748140358468582676210563078013959),
 (31400, 0.000106705609532145, 0.039563567514493947912160336905758756149),
 (31500, 0.000107045436314095, 0.039566247770423027077220633013466616200),
 (31600, 0.000107385263096044, 0.039568920263607454757565623976593350838),
 (31700, 0.000107725089877994, 0.039570591220941787134483296612638526685),
 (31800, 0.000108064916659943, 0.039573572437256003827535032030716497496),
 (31900, 0.000108404743441893, 0.039574602579711988453725085044368515844),
 (32000, 0.000108744570223842, 0.039575931105057523279209044927156349845),
 (32100, 0.000109084397005792, 0.039578956428829587809934333237462418903),
 (32200, 0.000109424223787741, 0.039583106352183762991529618896105092574),
 (32300, 0.000109764050569691, 0.039584921822382574585156439782848342231),
 (32400, 0.000110103877351640, 0.039586343496852483150809203197304748674),
 (32500, 0.000110443704133590, 0.039590256761953873858582520428989560613),
 (32600, 0.000110783530915539, 0.039593064093687362886289604336963604620),
 (32700, 0.000111123357697489, 0.039595808008387299127709491564044036868),
 (32800, 0.000111463184479438, 0.039597700486968108511597784730031378408),
 (32900, 0.000111803011261388, 0.039598876544174140461762411422584802033),
 (33000, 0.000112142838043337, 0.039601477958165722069621399646099738304),
 (33100, 0.000112482664825287, 0.039602696115073298720130651433905560868),
 (33200, 0.000112822491607236, 0.039605088878514821710485304956225493880),
 (33300, 0.000113162318389186, 0.039605557650659955722794527926902612925),
 (33400, 0.000113502145171135, 0.039607510928858909288918067778535068531),
 (33500, 0.000113841971953085, 0.039608549620634478891068282913986041130),
 (33600, 0.000114181798735034, 0.039613603870608978779912398168224351417),
 (33700, 0.000114521625516984, 0.039616650805810313274924098618915558488),
 (33800, 0.000114861452298933, 0.039618692295894881250015223502191455984),
 (33900, 0.000115201279080883, 0.039620950464709875882140890269551785142),
 (34000, 0.000115541105862832, 0.039624512220598264551065588315865625596),
 (34100, 0.000115880932644782, 0.039624710827486631565589275017905745011),
 (34200, 0.000116220759426731, 0.039625858072269553621438540018675291431),
 (34300, 0.000116560586208681, 0.039627646402075962375866534255812389911),
 (34400, 0.000116900412990630, 0.039631035203501989815468941274015018283),
 (34500, 0.000117240239772580, 0.039634766339829286608971285907946466371),
 (34600, 0.000117580066554529, 0.039635966731056252808847730404582765936),
 (34700, 0.000117919893336479, 0.039637330054839931606473534058264821178),
 (34800, 0.000118259720118428, 0.039639079653387113969657010509871397307),
 (34900, 0.000118599546900378, 0.039641878423807888196384846356454491396),
 (35000, 0.000118939373682327, 0.039644573337335606725954516249876594096),
 (35100, 0.000119279200464277, 0.039646583585096697654750647394723214808),
 (35200, 0.000119619027246226, 0.039650111400009361330311041128317114932),
 (35300, 0.000119958854028176, 0.039653574263054326666301198123845189368),
 (35400, 0.000120298680810126, 0.039655151401492684712216651528389818558),
 (35500, 0.000120638507592075, 0.039658286918002705897792619508159875430),
 (35600, 0.000120978334374025, 0.039662598527239960475321165912353569746),
 (35700, 0.000121318161155974, 0.039666880966326483790104593058678104011),
 (35800, 0.000121657987937924, 0.039671347986340301680691063943184865873),
 (35900, 0.000121997814719873, 0.039672919853778737487363094013572804457),
 (36000, 0.000122337641501823, 0.039674590230780198634298117454884134450),
 (36100, 0.000122677468283772, 0.039677743800456998007408382015945863401),
 (36200, 0.000123017295065722, 0.039681969021537016765988300836808912909),
 (36300, 0.000123357121847671, 0.039685768518375296877414410655889774258),
 (36400, 0.000123696948629621, 0.039689743813612798545812178623566460301),
 (36500, 0.000124036775411570, 0.039695083073164673395709226921973399601),
 (36600, 0.000124376602193520, 0.039697295650618156560280025612129300248),
 (36700, 0.000124716428975469, 0.039700677255256824233793578408737394273),
 (36800, 0.000125056255757419, 0.039704053688885044094669745078797967395),
 (36900, 0.000125396082539368, 0.039709236196499765154562688731022933357),
 (37000, 0.000125735909321318, 0.039713929251936341034598843409212196530),
 (37100, 0.000126075736103267, 0.039717966776532020075512298949087342748),
 (37200, 0.000126415562885217, 0.039721220999256965089779094868125199778),
 (37300, 0.000126755389667166, 0.039726390387890806690861300777541665172),
 (37400, 0.000127095216449116, 0.039732215898157634116458370965564810061),
 (37500, 0.000127435043231065, 0.039736717905540998121063044145896508621),
 (37600, 0.000127774870013015, 0.039739536791222958316110699820129781620),
 (37700, 0.000128114696794964, 0.039741580658125996665097249898769303153),
 (37800, 0.000128454523576914, 0.039746234132392128116631323068981080469),
 (37900, 0.000128794350358863, 0.039750972729367604112870547183610812720),
 (38000, 0.000129134177140813, 0.039754425817183024736749580553914785904),
 (38100, 0.000129474003922762, 0.039759073969225493481244700127663010427),
 (38200, 0.000129813830704712, 0.039764286800083191554059762165307786220),
 (38300, 0.000130153657486661, 0.039769805236792415845662633302507097152),
 (38400, 0.000130493484268611, 0.039777464916280471884103115603662467761),
 (38500, 0.000130833311050560, 0.039781294698443266888515925059278345633),
 (38600, 0.000131173137832510, 0.039787294175897471807200534386056129726),
 (38700, 0.000131512964614459, 0.039791041082614648004055393314446359961),
 (38800, 0.000131852791396409, 0.039794032307605936711065246435780766855),
 (38900, 0.000132192618178358, 0.039797134441477635903438393110046148748),
 (39000, 0.000132532444960308, 0.039799827878047489429948113854279097493),
 (39100, 0.000132872271742257, 0.039804580185869419744701334936320524875),
 (39200, 0.000133212098524207, 0.039809661720136758433834638093194220137),
 (39300, 0.000133551925306156, 0.039812929508453338124192289492724726270),
 (39400, 0.000133891752088106, 0.039817661202416952985698369022603321835),
 (39500, 0.000134231578870055, 0.039823621528423384068865173740565474048),
 (39600, 0.000134571405652005, 0.039826813933231675577235581768181067797),
 (39700, 0.000134911232433954, 0.039832704186867322794167647055448291579),
 (39800, 0.000135251059215904, 0.039838441320141702628498960194732988511),
 (39900, 0.000135590885997853, 0.039844592091978428720509988523772042501),
 (40000, 0.000135930712779803, 0.039850236587325009236028073574144670172),
 (40100, 0.000136270539561752, 0.039855261826451567124319196386166045065),
 (40200, 0.000136610366343702, 0.039860271650957875438985147572198399424),
 (40300, 0.000136950193125651, 0.039866857270758412122380752629500139764),
 (40400, 0.000137290019907601, 0.039871730801644612836208365164105466032),
 (40500, 0.000137629846689550, 0.039878429577570305073002976454352394617),
 (40600, 0.000137969673471500, 0.039883025064937538864443399100830251150),
 (40700, 0.000138309500253449, 0.039888257176623273383207599114819820679),
 (40800, 0.000138649327035399, 0.039892678583971630694848545965504526785),
 (40900, 0.000138989153817348, 0.039898350766734198671649497335213856218),
 (41000, 0.000139328980599298, 0.039904159033224451714720500499092341084),
 (41100, 0.000139668807381247, 0.039907613150963140205603870200596792085),
 (41200, 0.000140008634163197, 0.039912589483987545859422594347127700620),
 (41300, 0.000140348460945146, 0.039915693239581792215702480047905782286),
 (41400, 0.000140688287727096, 0.039919697507985128294218066744946233956),
 (41500, 0.000141028114509045, 0.039926460090923215798000730145210069855),
 (41600, 0.000141367941290995, 0.039933584557815458877943958795829047291),
 (41700, 0.000141707768072944, 0.039939664908035280566399295184599997357),
 (41800, 0.000142047594854894, 0.039943278999342896295627795275174832636),
 (41900, 0.000142387421636843, 0.039949268572298208533904007568907167452),
 (42000, 0.000142727248418793, 0.039952385371145921064071816901231824193),
 (42100, 0.000143067075200743, 0.039956761513353348644554887211522332125),
 (42200, 0.000143406901982692, 0.039960993624282385124823157264807150937),
 (42300, 0.000143746728764642, 0.039965604989679386802606949210780586179),
 (42400, 0.000144086555546591, 0.039969726710911095631122720121917377226),
 (42500, 0.000144426382328541, 0.039975634221572866863794713299450399173),
 (42600, 0.000144766209110490, 0.039983457480668888483494970581489758116),
 (42700, 0.000145106035892440, 0.039986870013808080142574636699175429163),
 (42800, 0.000145445862674389, 0.039991503334671136189634731800997453394),
 (42900, 0.000145785689456339, 0.039997412277959159889462704056659691176),
 (43000, 0.000146125516238288, 0.040003270372692293285787970617785760207),
 (43100, 0.000146465343020238, 0.040006034152863119905551508773432985726),
 (43200, 0.000146805169802187, 0.040013903337309427436314255525677567583),
 (43300, 0.000147144996584137, 0.040020692444094345583059496727286827436),
 (43400, 0.000147484823366086, 0.040027238884437526524418582849318940914),
 (43500, 0.000147824650148036, 0.040033348508851949496690040260974653893),
 (43600, 0.000148164476929985, 0.040041545505011325139036751132286872188),
 (43700, 0.000148504303711935, 0.040045601553496644183012740222817129134),
 (43800, 0.000148844130493884, 0.040052045854515561128952978608843015430),
 (43900, 0.000149183957275834, 0.040056730978894062145079810882373688528),
 (44000, 0.000149523784057783, 0.040061914895989951567998785638500898459),
 (44100, 0.000149863610839733, 0.040067338194950597341124368286481029666),
 (44200, 0.000150203437621682, 0.040071187154885530581501796588221469382),
 (44300, 0.000150543264403632, 0.040075899261401921885870366124761420949),
 (44400, 0.000150883091185581, 0.040080595299702530534619228655740146315),
 (44500, 0.000151222917967531, 0.040085934367734731007104510610596732666),
 (44600, 0.000151562744749480, 0.040090493412671720739243731407249718404),
 (44700, 0.000151902571531430, 0.040097337377373393019271056894541221140),
 (44800, 0.000152242398313379, 0.040104315312608217973769348391088771736),
 (44900, 0.000152582225095329, 0.040113089998098284667248799344311559093),
 (45000, 0.000152922051877278, 0.040119320604844721790229317931954510788),
 (45100, 0.000153261878659228, 0.040126247146362884651785474239879795095),
 (45200, 0.000153601705441177, 0.040130031179710872043289139646160074707),
 (45300, 0.000153941532223127, 0.040135019679600198309878364452904796684),
 (45400, 0.000154281359005076, 0.040140742707157527536938107526068862388),
 (45500, 0.000154621185787026, 0.040147856194368800942336041103336790383),
 (45600, 0.000154961012568975, 0.040154338798168064518004640333809427554),
 (45700, 0.000155300839350925, 0.040160201653407795195192188152909185041),
 (45800, 0.000155640666132874, 0.040166545697046917506631010429613656609),
 (45900, 0.000155980492914824, 0.040172328973001392998721641824217703270),
 (46000, 0.000156320319696773, 0.040177138201878951430578208220481633845),
 (46100, 0.000156660146478723, 0.040184419943348805140828072992225995185),
 (46200, 0.000156999973260672, 0.040188756537647129722885384990439229974),
 (46300, 0.000157339800042622, 0.040196995230140153212894031345476258481),
 (46400, 0.000157679626824571, 0.040203179858545895178473681207292582865),
 (46500, 0.000158019453606521, 0.040209600128791693682226222607311272190),
 (46600, 0.000158359280388470, 0.040213781586104806514240711293907936575),
 (46700, 0.000158699107170420, 0.040220130053096662213832724613772954239),
 (46800, 0.000159038933952369, 0.040224513291345113745484440579650659339),
 (46900, 0.000159378760734319, 0.040229825422924932808641996605986157020),
 (47000, 0.000159718587516268, 0.040234302323120316331923857779092092276),
 (47100, 0.000160058414298218, 0.040240373087359268698076464532170977370),
 (47200, 0.000160398241080167, 0.040246261660512248334751280556444308830),
 (47300, 0.000160738067862117, 0.040252950625739464740251503326775267575),
 (47400, 0.000161077894644066, 0.040259696788061130534250881499591243540),
 (47500, 0.000161417721426016, 0.040265821072986310659037343974198419897),
 (47600, 0.000161757548207965, 0.040270439403464252591716968687991413211),
 (47700, 0.000162097374989915, 0.040275797003252716576101059164644173892),
 (47800, 0.000162437201771864, 0.040279282508837761520728692070058088530),
 (47900, 0.000162777028553814, 0.040286399815324500702657836509816371151),
 (48000, 0.000163116855335763, 0.040293338038083610308456728769622696289),
 (48100, 0.000163456682117713, 0.040299355475736944518080982159840679212),
 (48200, 0.000163796508899662, 0.040304449292255938317062493652449876631),
 (48300, 0.000164136335681612, 0.040311243136818046938787618816870259406),
 (48400, 0.000164476162463561, 0.040319283839674134397856946490936361369),
 (48500, 0.000164815989245511, 0.040324934130358378586131349933354182016),
 (48600, 0.000165155816027460, 0.040332103838425869548868223796319246853),
 (48700, 0.000165495642809410, 0.040338692850722281178902434722654309384),
 (48800, 0.000165835469591359, 0.040342152221786717091920578493712094351),
 (48900, 0.000166175296373309, 0.040349096980201110365435759845729432474),
 (49000, 0.000166515123155258, 0.040355036536436214935249487303501481458),
 (49100, 0.000166854949937208, 0.040361019963980267070700841298575881917),
 (49200, 0.000167194776719158, 0.040368573306217983394104027087856326305),
 (49300, 0.000167534603501107, 0.040373361902546906032148292859292144099),
 (49400, 0.000167874430283057, 0.040380499574770949767914369192087842238),
 (49500, 0.000168214257065006, 0.040387447367085506728778345552738220644),
 (49600, 0.000168554083846956, 0.040391948710431983043750722706801494764),
 (49700, 0.000168893910628905, 0.040399996015149100706714683302415140911),
 (49800, 0.000169233737410855, 0.040408207964519827833580256073004199120),
 (49900, 0.000169573564192804, 0.040413129965596045245246816344877983975),
 (50000, 0.000169913390974754, 0.040418550337139965702918255275997203187),
 (50100, 0.000170253217756703, 0.040426184806471642575027531579844919716),
 (50200, 0.000170593044538653, 0.040433692417432555479311445833843040047),
 (50300, 0.000170932871320602, 0.040439784468008488591853067928228821325),
 (50400, 0.000171272698102552, 0.040446353184426544212752668941468339816),
 (50500, 0.000171612524884501, 0.040454206130815372896355175615799114992),
 (50600, 0.000171952351666451, 0.040461417839791577771968592963780979009),
 (50700, 0.000172292178448400, 0.040467101571647629909169506934397542117),
 (50800, 0.000172632005230350, 0.040476364801102958533722421886708451066),
 (50900, 0.000172971832012299, 0.040484718686931372350867404656975736860),
 (51000, 0.000173311658794249, 0.040490412490251549230856401197992546555),
 (51100, 0.000173651485576198, 0.040496057182290959781375546911030563536),
 (51200, 0.000173991312358148, 0.040506401330796944850207572726636237072),
 (51300, 0.000174331139140097, 0.040511859199251531190106274295494112893),
 (51400, 0.000174670965922047, 0.040517903624146860199039475259765162363),
 (51500, 0.000175010792703996, 0.040525669019244827946527060683762013801),
 (51600, 0.000175350619485946, 0.040535136892134474456095986930293101376),
 (51700, 0.000175690446267895, 0.040542876010560744506311034418141011364),
 (51800, 0.000176030273049845, 0.040549622523086969451396333225023249976),
 (51900, 0.000176370099831794, 0.040555424840743694310601784556742386815),
 (52000, 0.000176709926613744, 0.040563952687133482435329307202558226471),
 (52100, 0.000177049753395693, 0.040575137802998348049287881638921040644),
 (52200, 0.000177389580177643, 0.040581784253885162355676407526437151862),
 (52300, 0.000177729406959592, 0.040588763462869431717675918764333973637),
 (52400, 0.000178069233741542, 0.040595835928510070457481042487448379477),
 (52500, 0.000178409060523491, 0.040600097689735146046105868729814308405),
 (52600, 0.000178748887305441, 0.040607237556680300251618323047210007034),
 (52700, 0.000179088714087390, 0.040615862666963386026235717114348297831),
 (52800, 0.000179428540869340, 0.040620886295748317848416922673756774362),
 (52900, 0.000179768367651289, 0.040628223164046044186682082094768793375),
 (53000, 0.000180108194433239, 0.040634409332386835187812843517541856844),
 (53100, 0.000180448021215188, 0.040640363645646554278519008577201570332),
 (53200, 0.000180787847997138, 0.040648655611702838508288807991994604857),
 (53300, 0.000181127674779087, 0.040654904938688562306741369796933637703),
 (53400, 0.000181467501561037, 0.040664712956215217276216782550433585189),
 (53500, 0.000181807328342986, 0.040670564648670024967802015164727894434),
 (53600, 0.000182147155124936, 0.040677353866490306247670658928890623178),
 (53700, 0.000182486981906885, 0.040684613904483107374027727860126600964),
 (53800, 0.000182826808688835, 0.040690128303436106586609985104682443761),
 (53900, 0.000183166635470784, 0.040696968862763947944240486124875400103),
 (54000, 0.000183506462252734, 0.040706631534902007461952758475542564772),
 (54100, 0.000183846289034683, 0.040715774277884966368496615772170476381),
 (54200, 0.000184186115816633, 0.040726682551149109109868218225996779332),
 (54300, 0.000184525942598582, 0.040734989526355761087207223300609819040),
 (54400, 0.000184865769380532, 0.040743661733098625062323709823756261823),
 (54500, 0.000185205596162481, 0.040749987447497285207411391741173113200),
 (54600, 0.000185545422944431, 0.040757616216742383899629480774284360170),
 (54700, 0.000185885249726380, 0.040764652920795251838382819918654236166),
 (54800, 0.000186225076508330, 0.040772185935418170701643233581292900191),
 (54900, 0.000186564903290279, 0.040782208108059659489433668034717106598),
 (55000, 0.000186904730072229, 0.040790732218400541844542143569870123159),
 (55100, 0.000187244556854178, 0.040799314459580823047399033497251148712),
 (55200, 0.000187584383636128, 0.040809243279924086910667517842603092374),
 (55300, 0.000187924210418077, 0.040816152144825521170035875093727138229),
 (55400, 0.000188264037200027, 0.040825008820337233017909685082519765214),
 (55500, 0.000188603863981976, 0.040832662802143825754444991793294805075),
 (55600, 0.000188943690763926, 0.040840438063426528463670750531027067874),
 (55700, 0.000189283517545875, 0.040851416608829628486342698053153898434),
 (55800, 0.000189623344327825, 0.040860782424707933199289696149477289623),
 (55900, 0.000189963171109774, 0.040867297014252718310049562467915150045),
 (56000, 0.000190302997891724, 0.040872625546623738642258575901411079174),
 (56100, 0.000190642824673673, 0.040877903685737970069576833588518134885),
 (56200, 0.000190982651455623, 0.040885867588185729055371196843716391266),
 (56300, 0.000191322478237572, 0.040895772597177522828813203192561293056),
 (56400, 0.000191662305019522, 0.040904225484951799344167043648003513216),
 (56500, 0.000192002131801472, 0.040910818682804660225092681683842760257),
 (56600, 0.000192341958583421, 0.040921680148540793254516039735968092830),
 (56700, 0.000192681785365371, 0.040929173707720552739281584702923698156),
 (56800, 0.000193021612147320, 0.040937156115229137281196002837381899867),
 (56900, 0.000193361438929270, 0.040946689503983159850559226380090181983),
 (57000, 0.000193701265711219, 0.040954146961270829589847718549212763170),
 (57100, 0.000194041092493169, 0.040962661536364874412344600052478870488),
 (57200, 0.000194380919275118, 0.040972028326523053056214548666436597984),
 (57300, 0.000194720746057068, 0.040981089516758759417464867960661603573),
 (57400, 0.000195060572839017, 0.040990623125767527282160000279192548152),
 (57500, 0.000195400399620967, 0.040997659927740694182556340412301097694),
 (57600, 0.000195740226402916, 0.041007827591345629487827945726530456193),
 (57700, 0.000196080053184866, 0.041014697334526377723356085717533667790),
 (57800, 0.000196419879966815, 0.041021859074625296598196557834451260454),
 (57900, 0.000196759706748765, 0.041031966587174313783509814776007314217),
 (58000, 0.000197099533530714, 0.041039048193516368452178580843009854915),
 (58100, 0.000197439360312664, 0.041046935773533183042234220105377584264),
 (58200, 0.000197779187094613, 0.041053589048568892943837118961363045136),
 (58300, 0.000198119013876563, 0.041063782282144873319272028482606437391),
 (58400, 0.000198458840658512, 0.041070875818825943297182109795069963089),
 (58500, 0.000198798667440462, 0.041078138358307507217178811059686066602),
 (58600, 0.000199138494222411, 0.041089909276047823610634797902712384434),
 (58700, 0.000199478321004361, 0.041100517290202136353787845441445096184),
 (58800, 0.000199818147786310, 0.041107141397710748468232993242268680351),
 (58900, 0.000200157974568260, 0.041115480600283123941603073849850737370),
 (59000, 0.000200497801350209, 0.041120290104507891361314192948042720022),
 (59100, 0.000200837628132159, 0.041129779607030697471190682857983812951),
 (59200, 0.000201177454914108, 0.041138811719450370961470773711591203174),
 (59300, 0.000201517281696058, 0.041148346003707242631988887081252125807),
 (59400, 0.000201857108478007, 0.041162334505976628746581127419348452338),
 (59500, 0.000202196935259957, 0.041169905400057957859969828883525869717),
 (59600, 0.000202536762041906, 0.041179510545918556319294809131170258144),
 (59700, 0.000202876588823856, 0.041186876501095057773376689384115087231),
 (59800, 0.000203216415605805, 0.041194443501352840214164999697114766559),
 (59900, 0.000203556242387755, 0.041203016466400001858105996806815006104),
 (60000, 0.000203896069169704, 0.041210685731566402028718831983960730989)];
