ccdr12 = [(0.100000000000000,
  0.000150343919297757,
  0.048109843375136422046462854902972490424),
 (0.200000000000000,
  0.000300687838595514,
  0.042536006701414207921781564706717696733),
 (0.300000000000000,
  0.000451031757893272,
  0.038438848716831999255551219374085506088),
 (0.400000000000000,
  0.000601375677191029,
  0.035105461630511855622372369332205759697),
 (0.500000000000000,
  0.000751719596488786,
  0.032288986602361636309178491684198473024),
 (0.600000000000000,
  0.000902063515786543,
  0.029858867989857369452817568033707082969),
 (0.700000000000000,
  0.00105240743508430,
  0.027708997921363111167701367871573963292),
 (0.800000000000000,
  0.00120275135438206,
  0.025849269660217026709677565641589282215),
 (0.900000000000000,
  0.00135309527367982,
  0.024282835285696407997525796780550068383),
 (1.00000000000000,
  0.00150343919297757,
  0.022908991550981291070700141172172253415),
 (1.10000000000000,
  0.00165378311227533,
  0.021790671021267927193952197735439070423),
 (1.20000000000000,
  0.00180412703157309,
  0.020888703079847421331640459284896280531),
 (1.30000000000000,
  0.00195447095087084,
  0.020165279985649764657994981697446221455),
 (1.40000000000000,
  0.00210481487016860,
  0.019667417728575528740247218076423410018),
 (1.50000000000000,
  0.00225515878946636,
  0.019374136420760979376021194601690990782),
 (1.60000000000000,
  0.00240550270876412,
  0.019243491470329866149405293880806935602),
 (1.70000000000000,
  0.00255584662806187,
  0.019288064113244894799290084451117424882),
 (1.80000000000000,
  0.00270619054735963,
  0.019470407056423090596069664179133975139),
 (1.90000000000000,
  0.00285653446665739,
  0.019756194777860644377845656780470739243),
 (2.00000000000000,
  0.00300687838595515,
  0.020162189018907099362806189234708197822),
 (2.10000000000000,
  0.00315722230525290,
  0.020659496546050143612304205145283697658),
 (2.20000000000000,
  0.00330756622455066,
  0.021241621511034521589233531824553573453),
 (2.30000000000000,
  0.00345791014384842,
  0.021907278313158879359594511069325469500),
 (2.40000000000000,
  0.00360825406314617,
  0.022596765521446892705411371665882732737),
 (2.50000000000000,
  0.00375859798244393,
  0.023338011892877574345552918710845298407),
 (2.60000000000000,
  0.00390894190174169,
  0.024106367840689960489315365620938707636),
 (2.70000000000000,
  0.00405928582103945,
  0.024900835073107004916585221649755584016),
 (2.80000000000000,
  0.00420962974033720,
  0.025743196385359518711277992820086094040),
 (2.90000000000000,
  0.00435997365963496,
  0.026593993173732624168957888212416501722),
 (3.00000000000000,
  0.00451031757893272,
  0.027428892941214217904249617118366178018),
 (3.10000000000000,
  0.00466066149823048,
  0.028288151487326871445325716972809693644),
 (3.20000000000000,
  0.00481100541752823,
  0.029186279935996299855943083654102059806),
 (3.30000000000000,
  0.00496134933682599,
  0.030052890724054718812749920867972161194),
 (3.40000000000000,
  0.00511169325612375,
  0.030889615985843929201459702941555064396),
 (3.50000000000000,
  0.00526203717542151,
  0.031754501792918879081607050634757704179),
 (3.60000000000000,
  0.00541238109471926,
  0.032651631082134434752737705017301163259),
 (3.70000000000000,
  0.00556272501401702,
  0.033531564944317430590139145053536315182),
 (3.80000000000000,
  0.00571306893331478,
  0.034411125628374930798767185528104605767),
 (3.90000000000000,
  0.00586341285261254,
  0.035270816508745925357137084285938730470),
 (4.00000000000000,
  0.00601375677191029,
  0.036124068792178922824457345492900404414),
 (4.10000000000000,
  0.00616410069120805,
  0.036974971893187840421513544565625841522),
 (4.20000000000000,
  0.00631444461050581,
  0.037813430768624318559067545529053529332),
 (4.30000000000000,
  0.00646478852980356,
  0.038649235051508731225808049904921313210),
 (4.40000000000000,
  0.00661513244910132,
  0.039460442620790463553934660781785292320),
 (4.50000000000000,
  0.00676547636839908,
  0.040285558440579980639825020098247345183),
 (4.60000000000000,
  0.00691582028769683,
  0.041097672819054588930550532449057337127),
 (4.70000000000000,
  0.00706616420699459,
  0.041879157295663959415513031928777766006),
 (4.80000000000000,
  0.00721650812629235,
  0.042663969775015451543914157612628746307),
 (4.90000000000000,
  0.00736685204559010,
  0.043448675825597683728595068036131643689),
 (5.00000000000000,
  0.00751719596488786,
  0.044241135599057640000786318749659068131),
 (5.10000000000000,
  0.00766753988418562,
  0.044997483109927043748963880170472774961),
 (5.20000000000000,
  0.00781788380348337,
  0.045769965373805391259548801359169833879),
 (5.30000000000000,
  0.00796822772278113,
  0.046529243121861577763006200375277011221),
 (5.40000000000000,
  0.00811857164207889,
  0.047278536706327086534430101376730165095),
 (5.50000000000000,
  0.00826891556137664,
  0.048001463824889973124897849219533426230),
 (5.60000000000000,
  0.00841925948067440,
  0.048726609524826900031654240238693473046),
 (5.70000000000000,
  0.00856960339997216,
  0.049454618258338795921260272099069634568),
 (5.80000000000000,
  0.00871994731926991,
  0.050168519554988114339355615977967104598),
 (5.90000000000000,
  0.00887029123856767,
  0.050857949173809073187389509779844971087),
 (5.99999999999999,
  0.00902063515786543,
  0.051586351844037493077465112424058181972),
 (6.09999999999999,
  0.00917097907716318,
  0.052268479607733405806840357279266363258),
 (6.19999999999999,
  0.00932132299646094,
  0.052979940940797447990015535272508413225),
 (6.29999999999999,
  0.00947166691575870,
  0.053658049810521153596058587814750626743),
 (6.39999999999999,
  0.00962201083505645,
  0.054360778625548909573398061559415574465),
 (6.49999999999999,
  0.00977235475435421,
  0.055049117097432924304096163264883882862),
 (6.59999999999999,
  0.00992269867365197,
  0.055707886037529748738118180707671842276),
 (6.69999999999999,
  0.0100730425929497,
  0.056373782119766082181553903196307861507),
 (6.79999999999999,
  0.0102233865122475,
  0.057024983093055794214407926629101162273),
 (6.89999999999999,
  0.0103737304315452,
  0.057716521030275720994296884263019373135),
 (6.99999999999999,
  0.0105240743508430,
  0.058360195043855793871290650798825820451),
 (7.09999999999999,
  0.0106744182701407,
  0.058995161804258690708416662780195181204),
 (7.19999999999999,
  0.0108247621894385,
  0.059639772366627218087357248912149130524),
 (7.29999999999999,
  0.0109751061087363,
  0.060265153273340514286861796588062557701),
 (7.39999999999999,
  0.0111254500280340,
  0.060894650500840080753154764136609784387),
 (7.49999999999999,
  0.0112757939473318,
  0.061527309484222847053802202851199184284),
 (7.59999999999999,
  0.0114261378666295,
  0.062144593117883600845569392965697162096),
 (7.69999999999999,
  0.0115764817859273,
  0.062775415664712692851331959435233653912),
 (7.79999999999999,
  0.0117268257052250,
  0.063383144894269563738958827782840907894),
 (7.89999999999999,
  0.0118771696245228,
  0.063990283773465411280979886689760375537),
 (7.99999999999999,
  0.0120275135438206,
  0.064562227087011998273639854789014701128),
 (8.09999999999999,
  0.0121778574631183,
  0.065165302643928988519436825547493654447),
 (8.19999999999999,
  0.0123282013824161,
  0.065750097581514736180471363288881850547),
 (8.29999999999999,
  0.0124785453017138,
  0.066347364933042703549937503037532303755),
 (8.39999999999999,
  0.0126288892210116,
  0.066911772776672482219431377348804603254),
 (8.49999999999999,
  0.0127792331403093,
  0.067470681306195289833755426190028415996),
 (8.59999999999999,
  0.0129295770596071,
  0.068036735947687086309111694104842057139),
 (8.69999999999999,
  0.0130799209789049,
  0.068587936128370431570434310666887275654),
 (8.79999999999998,
  0.0132302648982026,
  0.069130870026354884522170887155540506376),
 (8.89999999999998,
  0.0133806088175004,
  0.069689827136064648962096523860718249078),
 (8.99999999999998,
  0.0135309527367981,
  0.070217514865940721647986227237788938433),
 (9.09999999999998,
  0.0136812966560959,
  0.070763284772320217074826974802000297120),
 (9.19999999999998,
  0.0138316405753936,
  0.071293261530144358873019918720638972055),
 (9.29999999999998,
  0.0139819844946914,
  0.071807203763687712582833597102149209874),
 (9.39999999999998,
  0.0141323284139892,
  0.072327487243051581434148187418213628521),
 (9.49999999999998,
  0.0142826723332869,
  0.072848365813748974730419870991977000787),
 (9.59999999999998,
  0.0144330162525847,
  0.073379417207726260514535662935845601782),
 (9.69999999999998,
  0.0145833601718824,
  0.073885463667929013806881356171932666576),
 (9.79999999999998,
  0.0147337040911802,
  0.074398820056503010740748584748402733855),
 (9.89999999999998,
  0.0148840480104779,
  0.074913403590417153887407702515524858166),
 (9.99999999999998,
  0.0150343919297757,
  0.075418460109490218480178145978898966192)];
