ccdr36 = [(0.100000000000000, 7.68120468520210e-16, 0.714276435926110),
(1.00000001000000e7, 7.68120476201414e-8, 0.023471026483513775995650086382999837430),
(2.00000001000000e7, 1.53624094472162e-7, 0.023388689198486529428506513156352168026),
(3.00000001000000e7, 2.30436141324183e-7, 0.023321294221307278776699417624103068501),
(4.00000001000000e7, 3.07248188176204e-7, 0.023268622002872232927769955881289734670),
(5.00000001000000e7, 3.84060235028225e-7, 0.023228560920685626909355454475520006826),
(6.00000001000000e7, 4.60872281880246e-7, 0.023187153172130996471535567602912821051),
(7.00000001000000e7, 5.37684328732267e-7, 0.023150300244948130596331088033142976808),
(8.00000001000000e7, 6.14496375584288e-7, 0.023117573868376634310300873106463887309),
(9.00000001000000e7, 6.91308422436309e-7, 0.023089126121949821003805673809488289027),
(1.00000000100000e8, 7.68120469288330e-7, 0.023066378647270334009683912774889064950),
(1.10000000100000e8, 8.44932516140351e-7, 0.023041232487771788056433594160071712335),
(1.20000000100000e8, 9.21744562992372e-7, 0.023013752285015054063794079242588292888),
(1.30000000100000e8, 9.98556609844393e-7, 0.022985202289911289222652525693718103241),
(1.40000000100000e8, 1.07536865669641e-6, 0.022961923160152065011913325365593555699),
(1.50000000100000e8, 1.15218070354843e-6, 0.022939357080832514222953953002435681357),
(1.60000000100000e8, 1.22899275040046e-6, 0.022917284273201703548803926040267192481),
(1.70000000100000e8, 1.30580479725248e-6, 0.022899602253744758661192277000631851534),
(1.80000000100000e8, 1.38261684410450e-6, 0.022883494126401974210123259499990350066),
(1.90000000100000e8, 1.45942889095652e-6, 0.022860592014088132141512195908572002976),
(2.00000000100000e8, 1.53624093780854e-6, 0.022842780195448973023513061464895918336),
(2.10000000100000e8, 1.61305298466056e-6, 0.022826250595869862300265808480458856679),
(2.20000000100000e8, 1.68986503151258e-6, 0.022811906258814562650446489797413459650),
(2.30000000100000e8, 1.76667707836460e-6, 0.022794977440588264560253515456537488533),
(2.40000000100000e8, 1.84348912521662e-6, 0.022775624124921814674490043596197381687),
(2.50000000100000e8, 1.92030117206864e-6, 0.022758862077805516129331791221038499651),
(2.60000000100000e8, 1.99711321892067e-6, 0.022742139842783887481960670633042101252),
(2.70000000100000e8, 2.07392526577269e-6, 0.022728047990736298870540297280132481104),
(2.80000000100000e8, 2.15073731262471e-6, 0.022713077030061111019446861488882980292),
(2.90000000100000e8, 2.22754935947673e-6, 0.022693435904494170142256569534076314080),
(3.00000000100000e8, 2.30436140632875e-6, 0.022682166874339269499383145532474876705),
(3.10000000100000e8, 2.38117345318077e-6, 0.022670703912991170275928125369529732266),
(3.20000000100000e8, 2.45798550003279e-6, 0.022654064708203319575831791380082873886),
(3.30000000100000e8, 2.53479754688481e-6, 0.022641725376602164811860232417648921790),
(3.40000000100000e8, 2.61160959373683e-6, 0.022628354324061410412168302022657543122),
(3.50000000100000e8, 2.68842164058885e-6, 0.022614373527687790091179530204071052584),
(3.60000000100000e8, 2.76523368744087e-6, 0.022602876143349212227915625348121892954),
(3.70000000100000e8, 2.84204573429290e-6, 0.022590758112345585895317221172950680129),
(3.80000000100000e8, 2.91885778114492e-6, 0.022581336591050737340089152899389142569),
(3.90000000100000e8, 2.99566982799694e-6, 0.022568834159518564020621742813233587918),
(4.00000000100000e8, 3.07248187484896e-6, 0.022558994113428069575486038234864216966),
(4.10000000100000e8, 3.14929392170098e-6, 0.022547477745856656424547018030933136668),
(4.20000000100000e8, 3.22610596855300e-6, 0.022540172831527127976951320641865162430),
(4.30000000100000e8, 3.30291801540502e-6, 0.022530101786044257075826638705108573173),
(4.40000000100000e8, 3.37973006225704e-6, 0.022517718595493718895305278439559068391),
(4.50000000100000e8, 3.45654210910906e-6, 0.022506168665236274850654733052986171249),
(4.60000000100000e8, 3.53335415596108e-6, 0.022497113347597668825193336792199541931),
(4.70000000100000e8, 3.61016620281311e-6, 0.022486777487945780243307390919381273577),
(4.80000000100000e8, 3.68697824966513e-6, 0.022476573967972991711194026835534927954),
(4.90000000100000e8, 3.76379029651715e-6, 0.022464328969700831511469766714849318668),
(5.00000000100000e8, 3.84060234336917e-6, 0.022453808177829631907501740802868286559),
(5.10000000100000e8, 3.91741439022119e-6, 0.022445607971657976899627215631242605751),
(5.20000000100000e8, 3.99422643707321e-6, 0.022436509214256593408077953886198944237),
(5.30000000100000e8, 4.07103848392523e-6, 0.022427209157716694484119522647226577396),
(5.40000000100000e8, 4.14785053077725e-6, 0.022418195751819500949419273491661421257),
(5.50000000100000e8, 4.22466257762927e-6, 0.022410802600665983922237489590759735036),
(5.60000000100000e8, 4.30147462448129e-6, 0.022399999187978281232175984783603376786),
(5.70000000100000e8, 4.37828667133331e-6, 0.022391196782518009391237459702209972492),
(5.80000000100000e8, 4.45509871818534e-6, 0.022384164268169355354869787594131470999),
(5.90000000100000e8, 4.53191076503736e-6, 0.022377450097203983565599599569835138784),
(6.00000000100000e8, 4.60872281188938e-6, 0.022370740429462876128150296268280475566),
(6.10000000100000e8, 4.68553485874140e-6, 0.022363149821830010968978683207770603704),
(6.20000000100000e8, 4.76234690559342e-6, 0.022355989925757999210634217170247878431),
(6.30000000100000e8, 4.83915895244544e-6, 0.022347240501760695096517051306069601650),
(6.40000000100000e8, 4.91597099929746e-6, 0.022342407209171724666566009946202856877),
(6.50000000100000e8, 4.99278304614948e-6, 0.022334330386348045956633025326151599407),
(6.60000000100000e8, 5.06959509300150e-6, 0.022327664049919806318745296705875667084),
(6.70000000100000e8, 5.14640713985352e-6, 0.022321087924076800017476696102885082881),
(6.80000000100000e8, 5.22321918670555e-6, 0.022315377711055276646689196923836568389),
(6.90000000100000e8, 5.30003123355757e-6, 0.022308928511926357340339213334366108163),
(7.00000000100000e8, 5.37684328040959e-6, 0.022302013240899408572233332922436689051),
(7.10000000100000e8, 5.45365532726161e-6, 0.022293001143599738687860463900423947065),
(7.20000000100000e8, 5.53046737411363e-6, 0.022285733664259089075164717316973712052),
(7.30000000100000e8, 5.60727942096565e-6, 0.022280400676214269433283474670300742753),
(7.40000000100000e8, 5.68409146781767e-6, 0.022274541406277851725727381102159928533),
(7.50000000100000e8, 5.76090351466969e-6, 0.022268235208031730905635465077357742151),
(7.60000000100000e8, 5.83771556152171e-6, 0.022262953599815016283976470859688839182),
(7.70000000100000e8, 5.91452760837373e-6, 0.022255429041862185167517139186462976002),
(7.80000000100000e8, 5.99133965522575e-6, 0.022247148350599826721505560902066194278),
(7.90000000100000e8, 6.06815170207778e-6, 0.022240980121489969843010910545079683774),
(8.00000000100000e8, 6.14496374892980e-6, 0.022234690837077268140338646485387361523),
(8.10000000100000e8, 6.22177579578182e-6, 0.022229013847006415301559715250641366507),
(8.20000000100000e8, 6.29858784263384e-6, 0.022221392479281291107448189539940847540),
(8.30000000100000e8, 6.37539988948586e-6, 0.022214745693014113732232525138805728372),
(8.40000000100000e8, 6.45221193633788e-6, 0.022209174130153159647254082176070174291),
(8.50000000100000e8, 6.52902398318990e-6, 0.022203940738045234537247799497852966880),
(8.60000000100000e8, 6.60583603004192e-6, 0.022198964132221128983498417515333707309),
(8.70000000100000e8, 6.68264807689394e-6, 0.022193270834181632437639403270673156379),
(8.80000000100000e8, 6.75946012374596e-6, 0.022185571474594131290924527197332889658),
(8.90000000100000e8, 6.83627217059799e-6, 0.022179743684405483232675625091902676015),
(9.00000000100000e8, 6.91308421745001e-6, 0.022176457054232218177082954947458594367),
(9.10000000100000e8, 6.98989626430203e-6, 0.022173929113461259445856245681638342204),
(9.20000000100000e8, 7.06670831115405e-6, 0.022170396179611867405623510918466834961),
(9.30000000100000e8, 7.14352035800607e-6, 0.022164609386089508529369002065791836271),
(9.40000000100000e8, 7.22033240485809e-6, 0.022159942603158141900591941141368333276),
(9.50000000100000e8, 7.29714445171011e-6, 0.022155770948869274734574100443918440551),
(9.60000000100000e8, 7.37395649856213e-6, 0.022149402183002969112713892730314040492),
(9.70000000100000e8, 7.45076854541415e-6, 0.022142219065833385053553868900277923970),
(9.80000000100000e8, 7.52758059226617e-6, 0.022138383478267162257561027112973668665),
(9.90000000100000e8, 7.60439263911819e-6, 0.022132794585023772551431535725470390994),
(1.00000000010000e9, 7.68120468597022e-6, 0.022130002107108388432277041874780443387),
(1.01000000010000e9, 7.75801673282224e-6, 0.022126471860383799478437392431883170895),
(1.02000000010000e9, 7.83482877967426e-6, 0.022120855730646555957810182299659385119),
(1.03000000010000e9, 7.91164082652628e-6, 0.022117866030732203628675588388547853656),
(1.04000000010000e9, 7.98845287337830e-6, 0.022114419706712817825724135772269834988),
(1.05000000010000e9, 8.06526492023032e-6, 0.022109429758112594079721969270920570573),
(1.06000000010000e9, 8.14207696708234e-6, 0.022106138592873778638415848653081375100),
(1.07000000010000e9, 8.21888901393436e-6, 0.022101713751939757141941045433231389705),
(1.08000000010000e9, 8.29570106078638e-6, 0.022097838188526363027969117253183940995),
(1.09000000010000e9, 8.37251310763840e-6, 0.022093771447256479122639285679952462169),
(1.10000000010000e9, 8.44932515449042e-6, 0.022087819891522108333427049796257680831),
(1.11000000010000e9, 8.52613720134245e-6, 0.022083857094248379778701781024763307359),
(1.12000000010000e9, 8.60294924819447e-6, 0.022078746475137605042805427216694178704),
(1.13000000010000e9, 8.67976129504649e-6, 0.022076145839902585709072287734053317341),
(1.14000000010000e9, 8.75657334189851e-6, 0.022072855876005652974849823826290003037),
(1.15000000010000e9, 8.83338538875053e-6, 0.022069667830419166921585452357913819721),
(1.16000000010000e9, 8.91019743560255e-6, 0.022066588945470672454804265015692394396),
(1.17000000010000e9, 8.98700948245457e-6, 0.022062870354000772827105596363115749146),
(1.18000000010000e9, 9.06382152930659e-6, 0.022059341220883009191035764312613877494),
(1.19000000010000e9, 9.14063357615861e-6, 0.022055057871234575538144592722051927052),
(1.20000000010000e9, 9.21744562301063e-6, 0.022051219640635413222076153291505101530),
(1.21000000010000e9, 9.29425766986265e-6, 0.022048228896235354641340750951765010066),
(1.22000000010000e9, 9.37106971671468e-6, 0.022045325485594943448361761649676282511),
(1.23000000010000e9, 9.44788176356670e-6, 0.022041104168654413557691621887531373729),
(1.24000000010000e9, 9.52469381041872e-6, 0.022038128291840509830569417551468014251),
(1.25000000010000e9, 9.60150585727074e-6, 0.022035044058598754332747265070768605657),
(1.26000000010000e9, 9.67831790412276e-6, 0.022030325928604050171225221047987861425),
(1.27000000010000e9, 9.75512995097478e-6, 0.022025164511712207632037089293310910341),
(1.28000000010000e9, 9.83194199782680e-6, 0.022022105161798450954806593901370314794),
(1.29000000010000e9, 9.90875404467882e-6, 0.022018152939577819707720547809663384274),
(1.30000000010000e9, 9.98556609153084e-6, 0.022015584701838660458717898804189303942),
(1.31000000010000e9, 0.0000100623781383829, 0.022013366494475737889638840770723867110),
(1.32000000010000e9, 0.0000101391901852349, 0.022011927482922152351921132085721107103),
(1.33000000010000e9, 0.0000102160022320869, 0.022009551054346529884290393237866711267),
(1.34000000010000e9, 0.0000102928142789389, 0.022007890155576966155533827649092240648),
(1.35000000010000e9, 0.0000103696263257909, 0.022004432065320861657370976273797748174),
(1.36000000010000e9, 0.0000104464383726430, 0.022001736111131846948204900667480834139),
(1.37000000010000e9, 0.0000105232504194950, 0.021997933137488454745735281908736431537),
(1.38000000010000e9, 0.0000106000624663470, 0.021995580852799892861481144116111121790),
(1.39000000010000e9, 0.0000106768745131990, 0.021993109883188331551647083633500671872),
(1.40000000010000e9, 0.0000107536865600511, 0.021989349711841369119649255806584555874),
(1.41000000010000e9, 0.0000108304986069031, 0.021986103282177382076860638877128220251),
(1.42000000010000e9, 0.0000109073106537551, 0.021983242194326538389057365772252016978),
(1.43000000010000e9, 0.0000109841227006071, 0.021982511490781112369236065240040764813),
(1.44000000010000e9, 0.0000110609347474591, 0.021980146144727214133114000188060249050),
(1.45000000010000e9, 0.0000111377467943112, 0.021977519603208195722540589708307751988),
(1.46000000010000e9, 0.0000112145588411632, 0.021975354560056430107879543436386540993),
(1.47000000010000e9, 0.0000112913708880152, 0.021974937127796695246737956316880796701),
(1.48000000010000e9, 0.0000113681829348672, 0.021971550954089792206350566155956679207),
(1.49000000010000e9, 0.0000114449949817192, 0.021968868543155789933099927825306910194),
(1.50000000010000e9, 0.0000115218070285713, 0.021967900674173969677617835867107501849),
(1.51000000010000e9, 0.0000115986190754233, 0.021965859538968200826001918764723717594),
(1.52000000010000e9, 0.0000116754311222753, 0.021964049506632861810781542272695105055),
(1.53000000010000e9, 0.0000117522431691273, 0.021961084659683711182621939318524258577),
(1.54000000010000e9, 0.0000118290552159793, 0.021958707028434704487587259175799053234),
(1.55000000010000e9, 0.0000119058672628314, 0.021956372201442464354788430405004857958),
(1.56000000010000e9, 0.0000119826793096834, 0.021953725861558346940664346649281373730),
(1.57000000010000e9, 0.0000120594913565354, 0.021951736134894972218075390798471476176),
(1.58000000010000e9, 0.0000121363034033874, 0.021949278587730363177491904794455793833),
(1.59000000010000e9, 0.0000122131154502395, 0.021948070813702206653960170597612246726),
(1.60000000010000e9, 0.0000122899274970915, 0.021946424455441363275893891915252132495),
(1.61000000010000e9, 0.0000123667395439435, 0.021946423229045653541373849748921032221),
(1.62000000010000e9, 0.0000124435515907955, 0.021943505769780381208691660654691715783),
(1.63000000010000e9, 0.0000125203636376475, 0.021941592983651347384626196223492695104),
(1.64000000010000e9, 0.0000125971756844996, 0.021940293331675367259762318323354759442),
(1.65000000010000e9, 0.0000126739877313516, 0.021939340837349041162383586862424425784),
(1.66000000010000e9, 0.0000127507997782036, 0.021936380569363191420237450286648172357),
(1.67000000010000e9, 0.0000128276118250556, 0.021933319377966208770295345582405495556),
(1.68000000010000e9, 0.0000129044238719076, 0.021931529024310597157121998069944250259),
(1.69000000010000e9, 0.0000129812359187597, 0.021931034646338196632654097321400375986),
(1.70000000010000e9, 0.0000130580479656117, 0.021929399027140067523065475338633116926),
(1.71000000010000e9, 0.0000131348600124637, 0.021926894968753330202351910842009547836),
(1.72000000010000e9, 0.0000132116720593157, 0.021925743557307137618770684347143915198),
(1.73000000010000e9, 0.0000132884841061677, 0.021923428303928621287736593618552267006),
(1.74000000010000e9, 0.0000133652961530198, 0.021921366179612675561349542422014372544),
(1.75000000010000e9, 0.0000134421081998718, 0.021919870806280195992975506570547348492),
(1.76000000010000e9, 0.0000135189202467238, 0.021918983959523937747168151310237614192),
(1.77000000010000e9, 0.0000135957322935758, 0.021917118179111791847029342748400664361),
(1.78000000010000e9, 0.0000136725443404278, 0.021913698796815729218004280523857301742),
(1.79000000010000e9, 0.0000137493563872799, 0.021911557317334493228834795824892709745),
(1.80000000010000e9, 0.0000138261684341319, 0.021909350821739204191088575743282553440),
(1.81000000010000e9, 0.0000139029804809839, 0.021905924013215911147856135734304586775),
(1.82000000010000e9, 0.0000139797925278359, 0.021905569478447232764829343395575174803),
(1.83000000010000e9, 0.0000140566045746880, 0.021903814170124271804187599484679070087),
(1.84000000010000e9, 0.0000141334166215400, 0.021902008518113541363179884582254358207),
(1.85000000010000e9, 0.0000142102286683920, 0.021900306648814781108899490566076891957),
(1.86000000010000e9, 0.0000142870407152440, 0.021897229058764637982287955827691040338),
(1.87000000010000e9, 0.0000143638527620960, 0.021894580163722591505885872360580814657),
(1.88000000010000e9, 0.0000144406648089481, 0.021894016256926835173476770638999818447),
(1.89000000010000e9, 0.0000145174768558001, 0.021892229407757468879991761687623684296),
(1.90000000010000e9, 0.0000145942889026521, 0.021889954099993078351693192507007230151),
(1.91000000010000e9, 0.0000146711009495041, 0.021888211479751884488017872861651740868),
(1.92000000010000e9, 0.0000147479129963561, 0.021889590348339643258658087730319679828),
(1.93000000010000e9, 0.0000148247250432082, 0.021887983236399851574967670139894605134),
(1.94000000010000e9, 0.0000149015370900602, 0.021886453098848689664691204312169682461),
(1.95000000010000e9, 0.0000149783491369122, 0.021885543872623677126140698549093457667),
(1.96000000010000e9, 0.0000150551611837642, 0.021883976075565520221192706166181141705),
(1.97000000010000e9, 0.0000151319732306162, 0.021883877668074023008206432671279174305),
(1.98000000010000e9, 0.0000152087852774683, 0.021881778970211528959749051661801891371),
(1.99000000010000e9, 0.0000152855973243203, 0.021882634229185787217055111875482551268),
(2.00000000010000e9, 0.0000153624093711723, 0.021882523577849806419782792362022697996),
(2.01000000010000e9, 0.0000154392214180243, 0.021882039052346512477752553654351884992),
(2.02000000010000e9, 0.0000155160334648764, 0.021881157069778420346697555556781360451),
(2.03000000010000e9, 0.0000155928455117284, 0.021880975393442533466046661942961156713),
(2.04000000010000e9, 0.0000156696575585804, 0.021881352162281132103807533869159692260),
(2.05000000010000e9, 0.0000157464696054324, 0.021880226796108872174697444616341575728),
(2.06000000010000e9, 0.0000158232816522844, 0.021879463082645578059326535478171819019),
(2.07000000010000e9, 0.0000159000936991365, 0.021876755928260447460385558374946762062),
(2.08000000010000e9, 0.0000159769057459885, 0.021875945795484370660168970708020200478),
(2.09000000010000e9, 0.0000160537177928405, 0.021875294040066494843033340966280150118),
(2.10000000010000e9, 0.0000161305298396925, 0.021874330032481272735080058639622618965),
(2.11000000010000e9, 0.0000162073418865445, 0.021872292499870984751621782069029326445),
(2.12000000010000e9, 0.0000162841539333966, 0.021871360127925073827275053850252789432),
(2.13000000010000e9, 0.0000163609659802486, 0.021871527415613212161589423952489152958),
(2.14000000010000e9, 0.0000164377780271006, 0.021869740730513427786468503371655940764),
(2.15000000010000e9, 0.0000165145900739526, 0.021869965260138533877920718725847045320),
(2.16000000010000e9, 0.0000165914021208046, 0.021871351988555510787841916410903992542),
(2.17000000010000e9, 0.0000166682141676567, 0.021871656788191912055129963983304941215),
(2.18000000010000e9, 0.0000167450262145087, 0.021871059410768764868656619208234031884),
(2.19000000010000e9, 0.0000168218382613607, 0.021870209515244662770210755926068587885),
(2.20000000010000e9, 0.0000168986503082127, 0.021868939341146117568144973040211635167),
(2.21000000010000e9, 0.0000169754623550647, 0.021867799516808071257789133547805364635),
(2.22000000010000e9, 0.0000170522744019168, 0.021867425626125219641053978718058188532),
(2.23000000010000e9, 0.0000171290864487688, 0.021865727634754177217768011373397019968),
(2.24000000010000e9, 0.0000172058984956208, 0.021865506391944531293960038234550165408),
(2.25000000010000e9, 0.0000172827105424728, 0.021864755527941426207191484650996883156),
(2.26000000010000e9, 0.0000173595225893249, 0.021862918685033946511329722405405132636),
(2.27000000010000e9, 0.0000174363346361769, 0.021861427059879087001188754397824282245),
(2.28000000010000e9, 0.0000175131466830289, 0.021861309490159788578010694171989562115),
(2.29000000010000e9, 0.0000175899587298809, 0.021861350160955997092962241067079467171),
(2.30000000010000e9, 0.0000176667707767329, 0.021860477620219591274185537862669582513),
(2.31000000010000e9, 0.0000177435828235850, 0.021858055403719661068875782866925075765),
(2.32000000010000e9, 0.0000178203948704370, 0.021858307363507221425976159888140562927),
(2.33000000010000e9, 0.0000178972069172890, 0.021857938513372665739829639901289434321),
(2.34000000010000e9, 0.0000179740189641410, 0.021856114208051223587750377991398480406),
(2.35000000010000e9, 0.0000180508310109930, 0.021856034738989370041865182828621558954),
(2.36000000010000e9, 0.0000181276430578451, 0.021855023465213875816025313184772404092),
(2.37000000010000e9, 0.0000182044551046971, 0.021854552294440595700430567411578116021),
(2.38000000010000e9, 0.0000182812671515491, 0.021854423857443171310776275192050138149),
(2.39000000010000e9, 0.0000183580791984011, 0.021854669833872757013445755885126791232),
(2.40000000010000e9, 0.0000184348912452531, 0.021854159715732645173082457951948619376),
(2.41000000010000e9, 0.0000185117032921052, 0.021852737647736732775623197631664154167),
(2.42000000010000e9, 0.0000185885153389572, 0.021851919750743184990557957170880328159),
(2.43000000010000e9, 0.0000186653273858092, 0.021851931245782168300789527976878656756),
(2.44000000010000e9, 0.0000187421394326612, 0.021850680834842726663974244912834185796),
(2.45000000010000e9, 0.0000188189514795133, 0.021851506512126877222383721257355922344),
(2.46000000010000e9, 0.0000188957635263653, 0.021851954552560969797929666894059538497),
(2.47000000010000e9, 0.0000189725755732173, 0.021852554329322508514478876291719568909),
(2.48000000010000e9, 0.0000190493876200693, 0.021851450850276374759385837498668351584),
(2.49000000010000e9, 0.0000191261996669213, 0.021851387241651852398257574233622406324),
(2.50000000010000e9, 0.0000192030117137734, 0.021851722301253815425001655127452862195),
(2.51000000010000e9, 0.0000192798237606254, 0.021850794099122802658933328358326325725),
(2.52000000010000e9, 0.0000193566358074774, 0.021852149670254893387724914659887051434),
(2.53000000010000e9, 0.0000194334478543294, 0.021852495075141040294481726098851914065),
(2.54000000010000e9, 0.0000195102599011814, 0.021851655175565515016691904228922615683),
(2.55000000010000e9, 0.0000195870719480335, 0.021850417893567012884225366502060279572),
(2.56000000010000e9, 0.0000196638839948855, 0.021849792296857986599400473490340762300),
(2.57000000010000e9, 0.0000197406960417375, 0.021850364453614376193551165907215838590),
(2.58000000010000e9, 0.0000198175080885895, 0.021850713217925429308155562890355460367),
(2.59000000010000e9, 0.0000198943201354415, 0.021849481145228120055142085554809318913),
(2.60000000010000e9, 0.0000199711321822936, 0.021849642552346818982265700170421235935),
(2.61000000010000e9, 0.0000200479442291456, 0.021848720898229016997992381345384879135),
(2.62000000010000e9, 0.0000201247562759976, 0.021846876696150090193324406659310826915),
(2.63000000010000e9, 0.0000202015683228496, 0.021845856442639416609984530117601242235),
(2.64000000010000e9, 0.0000202783803697017, 0.021847994738685918274929088040671800559),
(2.65000000010000e9, 0.0000203551924165537, 0.021847353449974454458144582596794257517),
(2.66000000010000e9, 0.0000204320044634057, 0.021846366588112052017080800595631410645),
(2.67000000010000e9, 0.0000205088165102577, 0.021845452799828203892868269530318834517),
(2.68000000010000e9, 0.0000205856285571097, 0.021845674012464286422406913963537864855),
(2.69000000010000e9, 0.0000206624406039618, 0.021845596543692596559999419641188708791),
(2.70000000010000e9, 0.0000207392526508138, 0.021844546842227866159797251797787709190),
(2.71000000010000e9, 0.0000208160646976658, 0.021843429828872785246743967149764386386),
(2.72000000010000e9, 0.0000208928767445178, 0.021843941236081260168368590674256987593),
(2.73000000010000e9, 0.0000209696887913698, 0.021842837788389979807937120281513130747),
(2.74000000010000e9, 0.0000210465008382219, 0.021843098096269291785822712749950525742),
(2.75000000010000e9, 0.0000211233128850739, 0.021843223482169634521417631801055121911),
(2.76000000010000e9, 0.0000212001249319259, 0.021844346640091705076201034045533381639),
(2.77000000010000e9, 0.0000212769369787779, 0.021843949772675825373089537594006253539),
(2.78000000010000e9, 0.0000213537490256299, 0.021843447784684776527228064371041504013),
(2.79000000010000e9, 0.0000214305610724820, 0.021843674144803045853407704007836066429),
(2.80000000010000e9, 0.0000215073731193340, 0.021844700212318519234999621401471922849),
(2.81000000010000e9, 0.0000215841851661860, 0.021843545234320118911959674867124343544),
(2.82000000010000e9, 0.0000216609972130380, 0.021844127051413946994638144987355162468),
(2.83000000010000e9, 0.0000217378092598900, 0.021844287564152447328201999287151592596),
(2.84000000010000e9, 0.0000218146213067421, 0.021844769666701826034896771223400344659),
(2.85000000010000e9, 0.0000218914333535941, 0.021844390183873288093819416055700886339),
(2.86000000010000e9, 0.0000219682454004461, 0.021843490354961367274947588551126313747),
(2.87000000010000e9, 0.0000220450574472981, 0.021842816980855338474528048390647281283),
(2.88000000010000e9, 0.0000221218694941502, 0.021842835016951376014109389746022551487),
(2.89000000010000e9, 0.0000221986815410022, 0.021842672926024466188843609048367354085),
(2.90000000010000e9, 0.0000222754935878542, 0.021842504184518236321451904752212301119),
(2.91000000010000e9, 0.0000223523056347062, 0.021840970698605029079668208427373157724),
(2.92000000010000e9, 0.0000224291176815582, 0.021841155983444059166900338351042548742),
(2.93000000010000e9, 0.0000225059297284103, 0.021841352478131552587857783458674365831),
(2.94000000010000e9, 0.0000225827417752623, 0.021840827143577346839757777002190204683),
(2.95000000010000e9, 0.0000226595538221143, 0.021839524342682047664619983859113798279),
(2.96000000010000e9, 0.0000227363658689663, 0.021839277156503027539101613865226608874),
(2.97000000010000e9, 0.0000228131779158183, 0.021838688795236092723249781898217786909),
(2.98000000010000e9, 0.0000228899899626704, 0.021840503885603694199667737078150510415),
(2.99000000010000e9, 0.0000229668020095224, 0.021840801631973594389111538239694779842),
(3.00000000010000e9, 0.0000230436140563744, 0.021843156660120305643506380701834015860),
(3.01000000010000e9, 0.0000231204261032264, 0.021844443840229398616640437119397731158),
(3.02000000010000e9, 0.0000231972381500784, 0.021846527267749155785570192303295590499),
(3.03000000010000e9, 0.0000232740501969305, 0.021846782792601190374632323430122381075),
(3.04000000010000e9, 0.0000233508622437825, 0.021847058365639393422910048760164095611),
(3.05000000010000e9, 0.0000234276742906345, 0.021847994130263525057861408126802742030),
(3.06000000010000e9, 0.0000235044863374865, 0.021846745678920922640491018958651867383),
(3.07000000010000e9, 0.0000235812983843386, 0.021847570840664081209039396221493408231),
(3.08000000010000e9, 0.0000236581104311906, 0.021848882108783221410536490702740205873),
(3.09000000010000e9, 0.0000237349224780426, 0.021850540341815902364523137852765643082),
(3.10000000010000e9, 0.0000238117345248946, 0.021849980584689687415320178975649170158),
(3.11000000010000e9, 0.0000238885465717466, 0.021850449740830282020296132538620637357),
(3.12000000010000e9, 0.0000239653586185987, 0.021850814857860591148481561940060055755),
(3.13000000010000e9, 0.0000240421706654507, 0.021850702562902634152009198019936547890),
(3.14000000010000e9, 0.0000241189827123027, 0.021851773684228155927737177529460305231),
(3.15000000010000e9, 0.0000241957947591547, 0.021853727219809370500674889903877009702),
(3.16000000010000e9, 0.0000242726068060067, 0.021855009056655409358853896123112718155),
(3.17000000010000e9, 0.0000243494188528588, 0.021855171361007036786960363916624457550),
(3.18000000010000e9, 0.0000244262308997108, 0.021855185550829869721707539010651130792),
(3.19000000010000e9, 0.0000245030429465628, 0.021855318894558363400858535016164077771),
(3.20000000010000e9, 0.0000245798549934148, 0.021855053037340312667805677394400889869),
(3.21000000010000e9, 0.0000246566670402668, 0.021855763525938823284314497396118282067),
(3.22000000010000e9, 0.0000247334790871189, 0.021856301894969178198431650368489115630),
(3.23000000010000e9, 0.0000248102911339709, 0.021856174187202510537668203532988540485),
(3.24000000010000e9, 0.0000248871031808229, 0.021855321190125821324501555028692902960),
(3.25000000010000e9, 0.0000249639152276749, 0.021856918094770228962415083236253585591),
(3.26000000010000e9, 0.0000250407272745269, 0.021858845518766301123587104726629186158),
(3.27000000010000e9, 0.0000251175393213790, 0.021859773304102511665463190442156188663),
(3.28000000010000e9, 0.0000251943513682310, 0.021861420134280377021009684943275478064),
(3.29000000010000e9, 0.0000252711634150830, 0.021862418793021120637417363588333540488),
(3.30000000010000e9, 0.0000253479754619350, 0.021863348396416158935409722082302081814),
(3.31000000010000e9, 0.0000254247875087871, 0.021863807310402344297159035266565927336),
(3.32000000010000e9, 0.0000255015995556391, 0.021865343975662508931979503778867533061),
(3.33000000010000e9, 0.0000255784116024911, 0.021864805924955827172226486006886922460),
(3.34000000010000e9, 0.0000256552236493431, 0.021866526251679039749065834147405420649),
(3.35000000010000e9, 0.0000257320356961951, 0.021866944769366164266843945868157917328),
(3.36000000010000e9, 0.0000258088477430472, 0.021868103398118375633420169548412222357),
(3.37000000010000e9, 0.0000258856597898992, 0.021868688392914268312378644743065613130),
(3.38000000010000e9, 0.0000259624718367512, 0.021869991098238350982314855207302725319),
(3.39000000010000e9, 0.0000260392838836032, 0.021869476243000732080858526125910751723),
(3.40000000010000e9, 0.0000261160959304552, 0.021870523890081162177634467891476095073),
(3.41000000010000e9, 0.0000261929079773073, 0.021872324800072150889263317686128217564),
(3.42000000010000e9, 0.0000262697200241593, 0.021873345964565906318784045725197332654),
(3.43000000010000e9, 0.0000263465320710113, 0.021873710756296150093119444759644037065),
(3.44000000010000e9, 0.0000264233441178633, 0.021875393429867386752860453002608981014),
(3.45000000010000e9, 0.0000265001561647153, 0.021877026625546289661913028175725571362),
(3.46000000010000e9, 0.0000265769682115674, 0.021877388288553529216267012116049922491),
(3.47000000010000e9, 0.0000266537802584194, 0.021878616375159299362438163925403968956),
(3.48000000010000e9, 0.0000267305923052714, 0.021879628272026618860820144009851682131),
(3.49000000010000e9, 0.0000268074043521234, 0.021879790472764805649991386940635396085),
(3.50000000010000e9, 0.0000268842163989755, 0.021880328089061965096527726829147788944),
(3.51000000010000e9, 0.0000269610284458275, 0.021880684562754779947415185341441263534),
(3.52000000010000e9, 0.0000270378404926795, 0.021882685171692847940888933372391658967),
(3.53000000010000e9, 0.0000271146525395315, 0.021885239441553723365411006322015623770),
(3.54000000010000e9, 0.0000271914645863835, 0.021885699429500047274429898323688029241),
(3.55000000010000e9, 0.0000272682766332356, 0.021886440940711335519301959549032503424),
(3.56000000010000e9, 0.0000273450886800876, 0.021887102458187425603094167503752948196),
(3.57000000010000e9, 0.0000274219007269396, 0.021889185550917512566978186955232954248),
(3.58000000010000e9, 0.0000274987127737916, 0.021891625446571354146319093210288628160),
(3.59000000010000e9, 0.0000275755248206436, 0.021892932624480289246981882226193683956),
(3.60000000010000e9, 0.0000276523368674957, 0.021894880209918109995144129630561900153),
(3.61000000010000e9, 0.0000277291489143477, 0.021896901502414590155540890340763664512),
(3.62000000010000e9, 0.0000278059609611997, 0.021898187769849194115963308088824991723),
(3.63000000010000e9, 0.0000278827730080517, 0.021898963178485283931160203312748456960),
(3.64000000010000e9, 0.0000279595850549037, 0.021898748864489028250427038194760748732),
(3.65000000010000e9, 0.0000280363971017558, 0.021900383970025083657760672093070352137),
(3.66000000010000e9, 0.0000281132091486078, 0.021901794419374176371274746294434380064),
(3.67000000010000e9, 0.0000281900211954598, 0.021902727515513157497182448827864332624),
(3.68000000010000e9, 0.0000282668332423118, 0.021902554327870997776202896867912268632),
(3.69000000010000e9, 0.0000283436452891639, 0.021905054694635184138735910748076207691),
(3.70000000010000e9, 0.0000284204573360159, 0.021907527323508390614406634760092664693),
(3.71000000010000e9, 0.0000284972693828679, 0.021908795559450945904039272586266843810),
(3.72000000010000e9, 0.0000285740814297199, 0.021909509424828364775457029380472720757),
(3.73000000010000e9, 0.0000286508934765719, 0.021910709778436213540879539529226132219),
(3.74000000010000e9, 0.0000287277055234240, 0.021910734606559406466818902117584327892),
(3.75000000010000e9, 0.0000288045175702760, 0.021911992538878171648475643550441410494),
(3.76000000010000e9, 0.0000288813296171280, 0.021913905789435687640585523479286040000),
(3.77000000010000e9, 0.0000289581416639800, 0.021915959428609687770429256759603819326),
(3.78000000010000e9, 0.0000290349537108320, 0.021918009607196524551872844549055239368),
(3.79000000010000e9, 0.0000291117657576841, 0.021919217148697284193913281709956403023),
(3.80000000010000e9, 0.0000291885778045361, 0.021921045514971417806559935818648221509),
(3.81000000010000e9, 0.0000292653898513881, 0.021921452573410159019259502780177437584),
(3.82000000010000e9, 0.0000293422018982401, 0.021923269466812778280787069827282085191),
(3.83000000010000e9, 0.0000294190139450921, 0.021924813641324560535362667714528809728),
(3.84000000010000e9, 0.0000294958259919442, 0.021925961990922586670232968502915023635),
(3.85000000010000e9, 0.0000295726380387962, 0.021928137158728664425754180946864063740),
(3.86000000010000e9, 0.0000296494500856482, 0.021928235842081716457186300996368659219),
(3.87000000010000e9, 0.0000297262621325002, 0.021930333881803763663467740980341941239),
(3.88000000010000e9, 0.0000298030741793522, 0.021932522606297960516138667456951769099),
(3.89000000010000e9, 0.0000298798862262043, 0.021934076121769174661521313450031929819),
(3.90000000010000e9, 0.0000299566982730563, 0.021936217730202560028591667893443383038),
(3.91000000010000e9, 0.0000300335103199083, 0.021937039517460677829560665212861638093),
(3.92000000010000e9, 0.0000301103223667603, 0.021937747149433957739873174708251008188),
(3.93000000010000e9, 0.0000301871344136124, 0.021939553063391432723487173054267994491),
(3.94000000010000e9, 0.0000302639464604644, 0.021942003133616564613037377433728835467),
(3.95000000010000e9, 0.0000303407585073164, 0.021944061553787262183394652824603726995),
(3.96000000010000e9, 0.0000304175705541684, 0.021945858522167520544515209423080312872),
(3.97000000010000e9, 0.0000304943826010204, 0.021946915588167479357939262094468157147),
(3.98000000010000e9, 0.0000305711946478725, 0.021948052139989821374585203576536265254),
(3.99000000010000e9, 0.0000306480066947245, 0.021948098248258274589280513678382795878),
(4.00000000010000e9, 0.0000307248187415765, 0.021949521266469321971527232308573431810),
(4.01000000010000e9, 0.0000308016307884285, 0.021950956469860449624157069700816122581),
(4.02000000010000e9, 0.0000308784428352805, 0.021951206661457486901457201186297876610),
(4.03000000010000e9, 0.0000309552548821326, 0.021953035367613829942963745098652153373),
(4.04000000010000e9, 0.0000310320669289846, 0.021955050634978966851445872407316335371),
(4.05000000010000e9, 0.0000311088789758366, 0.021956351312540816540297797217660022266),
(4.06000000010000e9, 0.0000311856910226886, 0.021957758650105820475156974871475612943),
(4.07000000010000e9, 0.0000312625030695406, 0.021958262944412474627110474190741856696),
(4.08000000010000e9, 0.0000313393151163927, 0.021959911528932028682643205939604620543),
(4.09000000010000e9, 0.0000314161271632447, 0.021961502686944193494437360224175106604),
(4.10000000010000e9, 0.0000314929392100967, 0.021963787368557374672582827319014970367),
(4.11000000010000e9, 0.0000315697512569487, 0.021965763119454890991699047714891684150),
(4.12000000010000e9, 0.0000316465633038008, 0.021966285727054194892488222649619726155),
(4.13000000010000e9, 0.0000317233753506528, 0.021968040099245939508857399774334045940),
(4.14000000010000e9, 0.0000318001873975048, 0.021969887823505327140494877788045994687),
(4.15000000010000e9, 0.0000318769994443568, 0.021971387615269618137994580333411823819),
(4.16000000010000e9, 0.0000319538114912088, 0.021973737382935621827209744959729260823),
(4.17000000010000e9, 0.0000320306235380609, 0.021975147426821066065454079164379688588),
(4.18000000010000e9, 0.0000321074355849129, 0.021975828497823396884246900488687024224),
(4.19000000010000e9, 0.0000321842476317649, 0.021979376434025219386774560863503087629),
(4.20000000010000e9, 0.0000322610596786169, 0.021980570966870706654007554208083203685),
(4.21000000010000e9, 0.0000323378717254689, 0.021981822923868926687138147792544791742),
(4.22000000010000e9, 0.0000324146837723210, 0.021982367797954913340145684806571477156),
(4.23000000010000e9, 0.0000324914958191730, 0.021984425156108996560916599244901569604),
(4.24000000010000e9, 0.0000325683078660250, 0.021986190110465350717420658114231577569),
(4.25000000010000e9, 0.0000326451199128770, 0.021986947288589082139193297999379074342),
(4.26000000010000e9, 0.0000327219319597290, 0.021988298563271237000934025862776595343),
(4.27000000010000e9, 0.0000327987440065811, 0.021990392859044161608399103329015611459),
(4.28000000010000e9, 0.0000328755560534331, 0.021992348887770713574011628179376584369),
(4.29000000010000e9, 0.0000329523681002851, 0.021993993410247382149827306797522830127),
(4.30000000010000e9, 0.0000330291801471371, 0.021994704807439985708022521079097667347),
(4.31000000010000e9, 0.0000331059921939892, 0.021996989851071215294281732803106765967),
(4.32000000010000e9, 0.0000331828042408412, 0.021998374311365799808502926079509231582),
(4.33000000010000e9, 0.0000332596162876932, 0.022000385553083299524506694038492775088),
(4.34000000010000e9, 0.0000333364283345452, 0.022002088580609110658609984736777302754),
(4.35000000010000e9, 0.0000334132403813972, 0.022002742002315545875960741555777485638),
(4.36000000010000e9, 0.0000334900524282493, 0.022004003835260241357473085474250117220),
(4.37000000010000e9, 0.0000335668644751013, 0.022005373232295021482922994164713607621),
(4.38000000010000e9, 0.0000336436765219533, 0.022006494404469861375637424112116656895),
(4.39000000010000e9, 0.0000337204885688053, 0.022008299376007062220039054763746288467),
(4.40000000010000e9, 0.0000337973006156573, 0.022010527429008040023521076193109403020),
(4.41000000010000e9, 0.0000338741126625094, 0.022011659146140517990059577446552753447),
(4.42000000010000e9, 0.0000339509247093614, 0.022013187044417816446383994302053876119),
(4.43000000010000e9, 0.0000340277367562134, 0.022016172259160394454815374720748761408),
(4.44000000010000e9, 0.0000341045488030654, 0.022018122901331526112944361909811784248),
(4.45000000010000e9, 0.0000341813608499174, 0.022019185360426960226143327446298489985),
(4.46000000010000e9, 0.0000342581728967695, 0.022021013612383664227285470848298114017),
(4.47000000010000e9, 0.0000343349849436215, 0.022022131194292481747494752431448252752),
(4.48000000010000e9, 0.0000344117969904735, 0.022024477896647021867646962898335130367),
(4.49000000010000e9, 0.0000344886090373255, 0.022026968487257146768966260264760119622),
(4.50000000010000e9, 0.0000345654210841776, 0.022026816947510854720317882532426685770),
(4.51000000010000e9, 0.0000346422331310296, 0.022028902118934513115582471605022715931),
(4.52000000010000e9, 0.0000347190451778816, 0.022031015489657076319531496671251821007),
(4.53000000010000e9, 0.0000347958572247336, 0.022034041310366512972543090605675033459),
(4.54000000010000e9, 0.0000348726692715856, 0.022035491334698858261541730839594920778),
(4.55000000010000e9, 0.0000349494813184377, 0.022037923398909352418762194654411554016),
(4.56000000010000e9, 0.0000350262933652897, 0.022038953737505729720900709195598754534),
(4.57000000010000e9, 0.0000351031054121417, 0.022041515121814178957436996831513344191),
(4.58000000010000e9, 0.0000351799174589937, 0.022043408975037782765729257033812464030),
(4.59000000010000e9, 0.0000352567295058457, 0.022044324930177850002753830151183943707),
(4.60000000010000e9, 0.0000353335415526978, 0.022045149445286983599388489341028114333),
(4.61000000010000e9, 0.0000354103535995498, 0.022047003915028602694137624832830375556),
(4.62000000010000e9, 0.0000354871656464018, 0.022047350917245207884419967493047689183),
(4.63000000010000e9, 0.0000355639776932538, 0.022049873526935195851849924189529499764),
(4.64000000010000e9, 0.0000356407897401058, 0.022053225244204071025625261039897499874),
(4.65000000010000e9, 0.0000357176017869579, 0.022054562160760704481000503025716611636),
(4.66000000010000e9, 0.0000357944138338099, 0.022058003027418061923387225328784251273),
(4.67000000010000e9, 0.0000358712258806619, 0.022059455850518202047621689091653477628),
(4.68000000010000e9, 0.0000359480379275139, 0.022060394838024439419351482590729656583),
(4.69000000010000e9, 0.0000360248499743659, 0.022062805056657889075930734159603747332),
(4.70000000010000e9, 0.0000361016620212180, 0.022064630883852832953460525920730881449),
(4.71000000010000e9, 0.0000361784740680700, 0.022067401117125421197474515482854936477),
(4.72000000010000e9, 0.0000362552861149220, 0.022070004418561095171929152712686475494),
(4.73000000010000e9, 0.0000363320981617740, 0.022071119718777457352556340891454053380),
(4.74000000010000e9, 0.0000364089102086261, 0.022073480303072253934237522899724408497),
(4.75000000010000e9, 0.0000364857222554781, 0.022076185705371735332621218646475403283),
(4.76000000010000e9, 0.0000365625343023301, 0.022076739359972336799737059688892645724),
(4.77000000010000e9, 0.0000366393463491821, 0.022078873750522806634314242544341857605),
(4.78000000010000e9, 0.0000367161583960341, 0.022080717272675259190851823073330386371),
(4.79000000010000e9, 0.0000367929704428862, 0.022084518948755739093688092760130673623),
(4.80000000010000e9, 0.0000368697824897382, 0.022086305933477065012737200858923454604),
(4.81000000010000e9, 0.0000369465945365902, 0.022087567502677984593483922773304169056),
(4.82000000010000e9, 0.0000370234065834422, 0.022089376306394397846102391957776389657),
(4.83000000010000e9, 0.0000371002186302942, 0.022090909323199011995893805373322025860),
(4.84000000010000e9, 0.0000371770306771463, 0.022093227261524085927662382524142775011),
(4.85000000010000e9, 0.0000372538427239983, 0.022095040055865219744978475503930090887),
(4.86000000010000e9, 0.0000373306547708503, 0.022098362506716067100469841389659833424),
(4.87000000010000e9, 0.0000374074668177023, 0.022098775051548552252501334097982681919),
(4.88000000010000e9, 0.0000374842788645543, 0.022100459782053038072252856135705998390),
(4.89000000010000e9, 0.0000375610909114064, 0.022102368456822426360966049428689247320),
(4.90000000010000e9, 0.0000376379029582584, 0.022104126410010842787358440145473266979),
(4.91000000010000e9, 0.0000377147150051104, 0.022105910227866344779112482992974712173),
(4.92000000010000e9, 0.0000377915270519624, 0.022107327106176192402915541518290299032),
(4.93000000010000e9, 0.0000378683390988145, 0.022108985613186900550640714733593579069),
(4.94000000010000e9, 0.0000379451511456665, 0.022111735101526283431379169737482468830),
(4.95000000010000e9, 0.0000380219631925185, 0.022112421078458218548104122290353871416),
(4.96000000010000e9, 0.0000380987752393705, 0.022112705102014856657518812542711284092),
(4.97000000010000e9, 0.0000381755872862225, 0.022114846417624695708462073828393775265),
(4.98000000010000e9, 0.0000382523993330746, 0.022116568549157590574423774968993404699),
(4.99000000010000e9, 0.0000383292113799266, 0.022117644609592272853724961881779784808),
(5.00000000010000e9, 0.0000384060234267786, 0.022119014663090565506698347895700929198),
(5.01000000010000e9, 0.0000384828354736306, 0.022120220407740315474817656618436015652),
(5.02000000010000e9, 0.0000385596475204826, 0.022121516921899702406314526156734852116),
(5.03000000010000e9, 0.0000386364595673347, 0.022125063867360541512871691567589576841),
(5.04000000010000e9, 0.0000387132716141867, 0.022128483884172511653022819035195020450),
(5.05000000010000e9, 0.0000387900836610387, 0.022130468427005731560961021849632839183),
(5.06000000010000e9, 0.0000388668957078907, 0.022133488088096563878067990015887580896),
(5.07000000010000e9, 0.0000389437077547427, 0.022136339715280826482147680115714899933),
(5.08000000010000e9, 0.0000390205198015948, 0.022137772403197455826732283796511819197),
(5.09000000010000e9, 0.0000390973318484468, 0.022139424732660261528076086702762525404),
(5.10000000010000e9, 0.0000391741438952988, 0.022140507937639203970944488902203876396),
(5.11000000010000e9, 0.0000392509559421508, 0.022143251668045290714489271658507336322),
(5.12000000010000e9, 0.0000393277679890028, 0.022145471949529614927544007048329155580),
(5.13000000010000e9, 0.0000394045800358549, 0.022147252913641482637793345982118988125),
(5.14000000010000e9, 0.0000394813920827069, 0.022149604768549131560135385072020604148),
(5.15000000010000e9, 0.0000395582041295589, 0.022151168669437023692540845210718106172),
(5.16000000010000e9, 0.0000396350161764109, 0.022154731951101929632207349967405433389),
(5.17000000010000e9, 0.0000397118282232630, 0.022157321500737580083104461267438615834),
(5.18000000010000e9, 0.0000397886402701150, 0.022158644901727370246793756419905783601),
(5.19000000010000e9, 0.0000398654523169670, 0.022160897800820448677731174841908764616),
(5.20000000010000e9, 0.0000399422643638190, 0.022162822934686028045365952126017037863),
(5.21000000010000e9, 0.0000400190764106710, 0.022167317299532163914591186446776583283),
(5.22000000010000e9, 0.0000400958884575231, 0.022169795680662325725675672095279563211),
(5.23000000010000e9, 0.0000401727005043751, 0.022171587898505983712509499079595455286),
(5.24000000010000e9, 0.0000402495125512271, 0.022174587025356535789302792464880890312),
(5.25000000010000e9, 0.0000403263245980791, 0.022176514188749970656156481605936575722),
(5.26000000010000e9, 0.0000404031366449311, 0.022177781051715473708319097102742693946),
(5.27000000010000e9, 0.0000404799486917832, 0.022179275135807647686199454221150499624),
(5.28000000010000e9, 0.0000405567607386352, 0.022180751028162915572692830762081348321),
(5.29000000010000e9, 0.0000406335727854872, 0.022183735348308479017851581307604653425),
(5.30000000010000e9, 0.0000407103848323392, 0.022185166782542047322201946943841135892),
(5.31000000010000e9, 0.0000407871968791912, 0.022188508957139598741961703726694218878),
(5.32000000010000e9, 0.0000408640089260433, 0.022190009231493929291581466360828817435),
(5.33000000010000e9, 0.0000409408209728953, 0.022192261620747343065084610156359518683),
(5.34000000010000e9, 0.0000410176330197473, 0.022192688800111923919191741050635303097),
(5.35000000010000e9, 0.0000410944450665993, 0.022194194891427295603060303109336057354),
(5.36000000010000e9, 0.0000411712571134514, 0.022196411964182004725627287858300542933),
(5.37000000010000e9, 0.0000412480691603034, 0.022198119893688339466387842693873707049),
(5.38000000010000e9, 0.0000413248812071554, 0.022199904232018201080775494694580320862),
(5.39000000010000e9, 0.0000414016932540074, 0.022202677615328216400338733034498251564),
(5.40000000010000e9, 0.0000414785053008594, 0.022204550976846669042213675263185653941),
(5.41000000010000e9, 0.0000415553173477115, 0.022206622553641183477385632815546225930),
(5.42000000010000e9, 0.0000416321293945635, 0.022208606756141533187523328682621314935),
(5.43000000010000e9, 0.0000417089414414155, 0.022211083137860475044566201778993580445),
(5.44000000010000e9, 0.0000417857534882675, 0.022214119152332050351959359632797053172),
(5.45000000010000e9, 0.0000418625655351195, 0.022216728699559606828621787611386210198),
(5.46000000010000e9, 0.0000419393775819716, 0.022217814845986003934072399782749940532),
(5.47000000010000e9, 0.0000420161896288236, 0.022219205674814662758341196289595463218),
(5.48000000010000e9, 0.0000420930016756756, 0.022220924049576389401696495870499987772),
(5.49000000010000e9, 0.0000421698137225276, 0.022222180893478840884082650653839321535),
(5.50000000010000e9, 0.0000422466257693796, 0.022223980265509282190961724652648243287),
(5.51000000010000e9, 0.0000423234378162317, 0.022226962115993559656457250411617406065),
(5.52000000010000e9, 0.0000424002498630837, 0.022230691787463686346805016951014263519),
(5.53000000010000e9, 0.0000424770619099357, 0.022233122980157503265193792511547729484),
(5.54000000010000e9, 0.0000425538739567877, 0.022235520164668180662954727493006960711),
(5.55000000010000e9, 0.0000426306860036398, 0.022238015624737663711700591568812696864),
(5.56000000010000e9, 0.0000427074980504918, 0.022239154428985364795346675236354869952),
(5.57000000010000e9, 0.0000427843100973438, 0.022241105042033220839305805728501801123),
(5.58000000010000e9, 0.0000428611221441958, 0.022243218400356594342517781222639496222),
(5.59000000010000e9, 0.0000429379341910478, 0.022244730963467409736767211677216377062),
(5.60000000010000e9, 0.0000430147462378999, 0.022246972175690290411637369097930834939),
(5.61000000010000e9, 0.0000430915582847519, 0.022250193291398143285732427077918486784),
(5.62000000010000e9, 0.0000431683703316039, 0.022253039324480310646790711108645016881),
(5.63000000010000e9, 0.0000432451823784559, 0.022253888280505475829555508117956376017),
(5.64000000010000e9, 0.0000433219944253079, 0.022255842174418003156650754588533970380),
(5.65000000010000e9, 0.0000433988064721600, 0.022257433315967424244765685244713836488),
(5.66000000010000e9, 0.0000434756185190120, 0.022259570375622305335266665320478867581),
(5.67000000010000e9, 0.0000435524305658640, 0.022260048420425918407837094977412982616),
(5.68000000010000e9, 0.0000436292426127160, 0.022261948564181881610578199553025860467),
(5.69000000010000e9, 0.0000437060546595680, 0.022264973266154001446410733470614739080),
(5.70000000010000e9, 0.0000437828667064201, 0.022267736241640857583979452527701620911),
(5.71000000010000e9, 0.0000438596787532721, 0.022269527918530170623881620012049714299),
(5.72000000010000e9, 0.0000439364908001241, 0.022271704572638526734039686658136045995),
(5.73000000010000e9, 0.0000440133028469761, 0.022274156446511833603560413193156797250),
(5.74000000010000e9, 0.0000440901148938281, 0.022277927472877240971214400618455973079),
(5.75000000010000e9, 0.0000441669269406802, 0.022279888188779074917762980376391601184),
(5.76000000010000e9, 0.0000442437389875322, 0.022281652492831990288873714509793249770),
(5.77000000010000e9, 0.0000443205510343842, 0.022282998042217665245762499574342605124),
(5.78000000010000e9, 0.0000443973630812362, 0.022284819750264777301472263546611351620),
(5.79000000010000e9, 0.0000444741751280883, 0.022288037667436090160662029408082889626),
(5.80000000010000e9, 0.0000445509871749403, 0.022290150402395943641136259633715551185),
(5.81000000010000e9, 0.0000446277992217923, 0.022291974738345937338881620239599173339),
(5.82000000010000e9, 0.0000447046112686443, 0.022294553581810216373018648124921738989),
(5.83000000010000e9, 0.0000447814233154963, 0.022297644023349622082162788956033727313),
(5.84000000010000e9, 0.0000448582353623484, 0.022299213077697548148649421151238036395),
(5.85000000010000e9, 0.0000449350474092004, 0.022300964153203561163803837500806310291),
(5.86000000010000e9, 0.0000450118594560524, 0.022304317963805260783412862711275216498),
(5.87000000010000e9, 0.0000450886715029044, 0.022308047641046220348838086966443686861),
(5.88000000010000e9, 0.0000451654835497564, 0.022311726187959915255221371534923251874),
(5.89000000010000e9, 0.0000452422955966085, 0.022314145320388119812347914131276535393),
(5.90000000010000e9, 0.0000453191076434605, 0.022315516861515494076199531857555521098),
(5.91000000010000e9, 0.0000453959196903125, 0.022319737799664088285002870943983322213),
(5.92000000010000e9, 0.0000454727317371645, 0.022321679340821056473896638523846305092),
(5.93000000010000e9, 0.0000455495437840165, 0.022325085684113451180375141706990369563),
(5.94000000010000e9, 0.0000456263558308686, 0.022328648974813569155877078305219063715),
(5.95000000010000e9, 0.0000457031678777206, 0.022330245683210196004700782775009691672),
(5.96000000010000e9, 0.0000457799799245726, 0.022331506049692134807960206292794775818),
(5.97000000010000e9, 0.0000458567919714246, 0.022332214218789590358431338022086467909),
(5.98000000010000e9, 0.0000459336040182767, 0.022333702050745220660443054280161968033),
(5.99000000010000e9, 0.0000460104160651287, 0.022337124455541602250780728293998488001),
(6.00000000010000e9, 0.0000460872281119807, 0.022339096734072012019021149096870128026),
(6.01000000010000e9, 0.0000461640401588327, 0.022341729489909321294694138142942565995),
(6.02000000010000e9, 0.0000462408522056847, 0.022344157530917925083292110770026557676),
(6.03000000010000e9, 0.0000463176642525368, 0.022346509814422407987310112827321856251),
(6.04000000010000e9, 0.0000463944762993888, 0.022349176745547866280720957008287999595),
(6.05000000010000e9, 0.0000464712883462408, 0.022352111358537683752027575667025045212),
(6.06000000010000e9, 0.0000465481003930928, 0.022353412037308572370808068499395381216),
(6.07000000010000e9, 0.0000466249124399448, 0.022356818788950145007317105976654160641),
(6.08000000010000e9, 0.0000467017244867969, 0.022359043828891940519998511910237963650),
(6.09000000010000e9, 0.0000467785365336489, 0.022362812902038066633187727282023140949),
(6.10000000010000e9, 0.0000468553485805009, 0.022366270162594288470119485821007578530),
(6.11000000010000e9, 0.0000469321606273529, 0.022369526256563504943851991108825824383),
(6.12000000010000e9, 0.0000470089726742049, 0.022372065332016574284405458556514138598),
(6.13000000010000e9, 0.0000470857847210570, 0.022374156457359240901544841398564091929),
(6.14000000010000e9, 0.0000471625967679090, 0.022376279524360988863296552322804610733),
(6.15000000010000e9, 0.0000472394088147610, 0.022376823023622736958950950796835411729),
(6.16000000010000e9, 0.0000473162208616130, 0.022378847318660719730158441417140232067),
(6.17000000010000e9, 0.0000473930329084651, 0.022381569948569334358847133569796891877),
(6.18000000010000e9, 0.0000474698449553171, 0.022383038957140953288012250327040686285),
(6.19000000010000e9, 0.0000475466570021691, 0.022385163250348705562911664696194886011),
(6.20000000010000e9, 0.0000476234690490211, 0.022388082986244379127107112225960890864),
(6.21000000010000e9, 0.0000477002810958731, 0.022390820845597155578099800360011759833),
(6.22000000010000e9, 0.0000477770931427252, 0.022391893135802828111361124668879614788),
(6.23000000010000e9, 0.0000478539051895772, 0.022395452131782518551695875442225336858),
(6.24000000010000e9, 0.0000479307172364292, 0.022396264437896052044908221317922366362),
(6.25000000010000e9, 0.0000480075292832812, 0.022399057800627366844959152711150688364),
(6.26000000010000e9, 0.0000480843413301332, 0.022401689456861923012599810158237034783),
(6.27000000010000e9, 0.0000481611533769853, 0.022403972109477675097614502191293510632),
(6.28000000010000e9, 0.0000482379654238373, 0.022408876315893541154422552594157958530),
(6.29000000010000e9, 0.0000483147774706893, 0.022411117489435164359265040081072626477),
(6.30000000010000e9, 0.0000483915895175413, 0.022414423624808180756625405330495033826),
(6.31000000010000e9, 0.0000484684015643933, 0.022415683298886143324446219026979663792),
(6.32000000010000e9, 0.0000485452136112454, 0.022417591995450491786787952395453980144),
(6.33000000010000e9, 0.0000486220256580974, 0.022420462308760810120954367533876847720),
(6.34000000010000e9, 0.0000486988377049494, 0.022424549503919142335956674631290888982),
(6.35000000010000e9, 0.0000487756497518014, 0.022428819687423799177031389043999680024),
(6.36000000010000e9, 0.0000488524617986534, 0.022431175127402580612397497794270765087),
(6.37000000010000e9, 0.0000489292738455055, 0.022434181251690220905105525767892475715),
(6.38000000010000e9, 0.0000490060858923575, 0.022437293379598599516625141388950626927),
(6.39000000010000e9, 0.0000490828979392095, 0.022439439902575119756699827855005866532),
(6.40000000010000e9, 0.0000491597099860615, 0.022441709992046830865354429415237747500),
(6.41000000010000e9, 0.0000492365220329136, 0.022443838878489371885663098895413326840),
(6.42000000010000e9, 0.0000493133340797656, 0.022447109824907449428507271479341928642),
(6.43000000010000e9, 0.0000493901461266176, 0.022449471612772822918291724381458802548),
(6.44000000010000e9, 0.0000494669581734696, 0.022452991230366167649356451270143749603),
(6.45000000010000e9, 0.0000495437702203216, 0.022455529629524572252890545979857753856),
(6.46000000010000e9, 0.0000496205822671737, 0.022458303546427948847950577825457790874),
(6.47000000010000e9, 0.0000496973943140257, 0.022460638137713721675800667561493931206),
(6.48000000010000e9, 0.0000497742063608777, 0.022463361126308870883232958499958644131),
(6.49000000010000e9, 0.0000498510184077297, 0.022466136531094941044199501801680554549),
(6.50000000010000e9, 0.0000499278304545817, 0.022467896377188013478933599642890463520),
(6.51000000010000e9, 0.0000500046425014338, 0.022471001905951717201216857102351483829),
(6.52000000010000e9, 0.0000500814545482858, 0.022473829754187612616913051845271213341),
(6.53000000010000e9, 0.0000501582665951378, 0.022477200227236701208003459850691662356),
(6.54000000010000e9, 0.0000502350786419898, 0.022481438989977141946241685964576402484),
(6.55000000010000e9, 0.0000503118906888418, 0.022482676564346556271105699511047907282),
(6.56000000010000e9, 0.0000503887027356939, 0.022485199464585921434383475095953886367),
(6.57000000010000e9, 0.0000504655147825459, 0.022487111367160151962338823907025570597),
(6.58000000010000e9, 0.0000505423268293979, 0.022489929780461745256287232688123364055),
(6.59000000010000e9, 0.0000506191388762499, 0.022491652628809624120767389835772333773),
(6.60000000010000e9, 0.0000506959509231020, 0.022494658966423264930892522542110599389),
(6.61000000010000e9, 0.0000507727629699540, 0.022496306310975442053948183139685673003),
(6.62000000010000e9, 0.0000508495750168060, 0.022498726006147640647437669794541490702),
(6.63000000010000e9, 0.0000509263870636580, 0.022501580483961388900944555837869418507),
(6.64000000010000e9, 0.0000510031991105100, 0.022503936324932669044824006799482337541),
(6.65000000010000e9, 0.0000510800111573621, 0.022505657848818450630177855088232996709),
(6.66000000010000e9, 0.0000511568232042141, 0.022507326999357316047169010923261194127),
(6.67000000010000e9, 0.0000512336352510661, 0.022509772615282512462263842848234030333),
(6.68000000010000e9, 0.0000513104472979181, 0.022514292605506736788114798516151432048),
(6.69000000010000e9, 0.0000513872593447701, 0.022517453828419851499956311197127231408),
(6.70000000010000e9, 0.0000514640713916222, 0.022520460691021291640897092419599120051),
(6.71000000010000e9, 0.0000515408834384742, 0.022522390400504771766826820938238502446),
(6.72000000010000e9, 0.0000516176954853262, 0.022525830959737140764238587979023281782),
(6.73000000010000e9, 0.0000516945075321782, 0.022528449628420902278810578403623342850),
(6.74000000010000e9, 0.0000517713195790302, 0.022530243320053819025859898084267399271),
(6.75000000010000e9, 0.0000518481316258823, 0.022532924096384258555881322344581802426),
(6.76000000010000e9, 0.0000519249436727343, 0.022536933113774427126698514380883824980),
(6.77000000010000e9, 0.0000520017557195863, 0.022539886499455374418990633831500604998),
(6.78000000010000e9, 0.0000520785677664383, 0.022542875042662675987597874879083561256),
(6.79000000010000e9, 0.0000521553798132903, 0.022543905885437341586849993176236868851),
(6.80000000010000e9, 0.0000522321918601424, 0.022546898881005205463075571860249378866),
(6.81000000010000e9, 0.0000523090039069944, 0.022549287589101861567113101380207292340),
(6.82000000010000e9, 0.0000523858159538464, 0.022553244112703702466683241092834036496),
(6.83000000010000e9, 0.0000524626280006984, 0.022554809785024829919216901676349503584),
(6.84000000010000e9, 0.0000525394400475505, 0.022556617045106165385283020103216331989),
(6.85000000010000e9, 0.0000526162520944025, 0.022559451510431575681294819539589266501),
(6.86000000010000e9, 0.0000526930641412545, 0.022562182065135789068062280982959310615),
(6.87000000010000e9, 0.0000527698761881065, 0.022565108552087012995066674602513404675),
(6.88000000010000e9, 0.0000528466882349585, 0.022567185003441702328879921048639020056),
(6.89000000010000e9, 0.0000529235002818106, 0.022569970342124904058644314254036437501),
(6.90000000010000e9, 0.0000530003123286626, 0.022574068614312914466674134191064021875),
(6.91000000010000e9, 0.0000530771243755146, 0.022575589452212845098180047476710676229),
(6.92000000010000e9, 0.0000531539364223666, 0.022578254152822902703932813050165978135),
(6.93000000010000e9, 0.0000532307484692186, 0.022580935411409995084856711402640630158),
(6.94000000010000e9, 0.0000533075605160707, 0.022584475284378418856885329674932572931),
(6.95000000010000e9, 0.0000533843725629227, 0.022586937324806061042494644311515183768),
(6.96000000010000e9, 0.0000534611846097747, 0.022589394176551108825704605377442229980),
(6.97000000010000e9, 0.0000535379966566267, 0.022591361066392914145974035303173803446),
(6.98000000010000e9, 0.0000536148087034787, 0.022594183348234812012943617556526153270),
(6.99000000010000e9, 0.0000536916207503308, 0.022596462673685856743181210574383088577),
(7.00000000010000e9, 0.0000537684327971828, 0.022598680616311052210112536770823561514),
(7.01000000010000e9, 0.0000538452448440348, 0.022601176587374305804873257557153826645),
(7.02000000010000e9, 0.0000539220568908868, 0.022604427134064275372537111949677324770),
(7.03000000010000e9, 0.0000539988689377389, 0.022608793130165316835739903277783906468),
(7.04000000010000e9, 0.0000540756809845909, 0.022611991986909593901756171017082970588),
(7.05000000010000e9, 0.0000541524930314429, 0.022615108219069570795268087533042631668),
(7.06000000010000e9, 0.0000542293050782949, 0.022617246320968001450939553236415665201),
(7.07000000010000e9, 0.0000543061171251469, 0.022619384300951207428458991376464359336),
(7.08000000010000e9, 0.0000543829291719990, 0.022620955670784535096614356535448534156),
(7.09000000010000e9, 0.0000544597412188510, 0.022622728190987463364477278036178422940),
(7.10000000010000e9, 0.0000545365532657030, 0.022625536478347025807774535858108413021),
(7.11000000010000e9, 0.0000546133653125550, 0.022627637419631954615160727628275807608),
(7.12000000010000e9, 0.0000546901773594070, 0.022630579977943789089903867625906294869),
(7.13000000010000e9, 0.0000547669894062591, 0.022633699248804145884656328635636737615),
(7.14000000010000e9, 0.0000548438014531111, 0.022637240413612802727043397943522582320),
(7.15000000010000e9, 0.0000549206134999631, 0.022639229767762906585121965677154196536),
(7.16000000010000e9, 0.0000549974255468151, 0.022643038006710749422293262982121911564),
(7.17000000010000e9, 0.0000550742375936671, 0.022644792947781221590797474613008961864),
(7.18000000010000e9, 0.0000551510496405192, 0.022647154560675570553006467071592023884),
(7.19000000010000e9, 0.0000552278616873712, 0.022649996643163749020768507123234200287),
(7.20000000010000e9, 0.0000553046737342232, 0.022652831368147605614091995912235937998),
(7.21000000010000e9, 0.0000553814857810752, 0.022655020712168673902147207993864367973),
(7.22000000010000e9, 0.0000554582978279273, 0.022657016589442261270597763788585973806),
(7.23000000010000e9, 0.0000555351098747793, 0.022659081593180823512291683378391186511),
(7.24000000010000e9, 0.0000556119219216313, 0.022661793296819852651762853168592094136),
(7.25000000010000e9, 0.0000556887339684833, 0.022664650326702359280535913234506496778),
(7.26000000010000e9, 0.0000557655460153353, 0.022667537234560273216184402189965411210),
(7.27000000010000e9, 0.0000558423580621874, 0.022670875676237869494123587817804119488),
(7.28000000010000e9, 0.0000559191701090394, 0.022672772297475405088649656390629998541),
(7.29000000010000e9, 0.0000559959821558914, 0.022675642292931398727639493171531918473),
(7.30000000010000e9, 0.0000560727942027434, 0.022677747340723614471755458275229538909),
(7.31000000010000e9, 0.0000561496062495954, 0.022681213137340965296245579535649320992),
(7.32000000010000e9, 0.0000562264182964475, 0.022683942714167855732450382809224682302),
(7.33000000010000e9, 0.0000563032303432995, 0.022687240001932498001923379311930529632),
(7.34000000010000e9, 0.0000563800423901515, 0.022689313858027982428217668843885957624),
(7.35000000010000e9, 0.0000564568544370035, 0.022691347458266654857218639843820660273),
(7.36000000010000e9, 0.0000565336664838555, 0.022696410826435646117931051785117487031),
(7.37000000010000e9, 0.0000566104785307076, 0.022697635304985081120266341870444263996),
(7.38000000010000e9, 0.0000566872905775596, 0.022701447153729451043689913755909621548),
(7.39000000010000e9, 0.0000567641026244116, 0.022704213113719865356318685551310302067),
(7.40000000010000e9, 0.0000568409146712636, 0.022707441774824730645357024818795498847),
(7.41000000010000e9, 0.0000569177267181156, 0.022708820446899095799750709053334367184),
(7.42000000010000e9, 0.0000569945387649677, 0.022711417449019573643167293182850425447),
(7.43000000010000e9, 0.0000570713508118197, 0.022714639978133579871153193389611030497),
(7.44000000010000e9, 0.0000571481628586717, 0.022717424490270855617148177022336117170),
(7.45000000010000e9, 0.0000572249749055237, 0.022720809736900728114657371905201944015),
(7.46000000010000e9, 0.0000573017869523758, 0.022723261406868530883917752907242385044),
(7.47000000010000e9, 0.0000573785989992278, 0.022726374989625711222414804425827140105),
(7.48000000010000e9, 0.0000574554110460798, 0.022730001221803187721696705863289933440),
(7.49000000010000e9, 0.0000575322230929318, 0.022732837273963454921654991561554155923),
(7.50000000010000e9, 0.0000576090351397838, 0.022734457885780191960301715545002443365),
(7.51000000010000e9, 0.0000576858471866359, 0.022735963756763385027905771742447886115),
(7.52000000010000e9, 0.0000577626592334879, 0.022739572109834087919998000873331998822),
(7.53000000010000e9, 0.0000578394712803399, 0.022742376370911759647841087593577408625),
(7.54000000010000e9, 0.0000579162833271919, 0.022745570347883154360341867977098553562),
(7.55000000010000e9, 0.0000579930953740439, 0.022748471385836809838633499796639896112),
(7.56000000010000e9, 0.0000580699074208960, 0.022749790144652651721257109986189548259),
(7.57000000010000e9, 0.0000581467194677480, 0.022751302572098101912064199351394414037),
(7.58000000010000e9, 0.0000582235315146000, 0.022753473891871643767514246777161720884),
(7.59000000010000e9, 0.0000583003435614520, 0.022755498963735451225091705924511774327),
(7.60000000010000e9, 0.0000583771556083040, 0.022758511615826282075094887827429251128),
(7.61000000010000e9, 0.0000584539676551561, 0.022761445668334680903777086563535473938),
(7.62000000010000e9, 0.0000585307797020081, 0.022763556608746268692283821778745671814),
(7.63000000010000e9, 0.0000586075917488601, 0.022766026311891089979423551131546462758),
(7.64000000010000e9, 0.0000586844037957121, 0.022767880073724188729007119453447273590),
(7.65000000010000e9, 0.0000587612158425642, 0.022770714736809574355868420963917449695),
(7.66000000010000e9, 0.0000588380278894162, 0.022773850143369810038468292745726783947),
(7.67000000010000e9, 0.0000589148399362682, 0.022776302615935265954640797208962281583),
(7.68000000010000e9, 0.0000589916519831202, 0.022780380645776926833648578403707132236),
(7.69000000010000e9, 0.0000590684640299722, 0.022783887564788422210969751582027320480),
(7.70000000010000e9, 0.0000591452760768243, 0.022787101527194034374264597145282713591),
(7.71000000010000e9, 0.0000592220881236763, 0.022791014787325980444361467152663254648),
(7.72000000010000e9, 0.0000592989001705283, 0.022793851222392540951773407495552828153),
(7.73000000010000e9, 0.0000593757122173803, 0.022795858105662991602509422379070163073),
(7.74000000010000e9, 0.0000594525242642323, 0.022798614011372609131141390306092801109),
(7.75000000010000e9, 0.0000595293363110844, 0.022800751787039087331697217677789595684),
(7.76000000010000e9, 0.0000596061483579364, 0.022803709478611519963438833699916148187),
(7.77000000010000e9, 0.0000596829604047884, 0.022805522726514695958504766715148282646),
(7.78000000010000e9, 0.0000597597724516404, 0.022808484495042770264560346282459855508),
(7.79000000010000e9, 0.0000598365844984924, 0.022810635757939465319799201049662520493),
(7.80000000010000e9, 0.0000599133965453445, 0.022811757666803334050494001416468249027),
(7.81000000010000e9, 0.0000599902085921965, 0.022815298820527590750703741141313213998),
(7.82000000010000e9, 0.0000600670206390485, 0.022817339400033029959818537759118970872),
(7.83000000010000e9, 0.0000601438326859005, 0.022819713508260085649474164443589493417),
(7.84000000010000e9, 0.0000602206447327526, 0.022823218482355108380231621791332888723),
(7.85000000010000e9, 0.0000602974567796046, 0.022824286818794649229355481507829742167),
(7.86000000010000e9, 0.0000603742688264566, 0.022827770010114720639542320660209804873),
(7.87000000010000e9, 0.0000604510808733086, 0.022830850324314569132346417964700393648),
(7.88000000010000e9, 0.0000605278929201606, 0.022834829084279043234994918385879201578),
(7.89000000010000e9, 0.0000606047049670127, 0.022837403968894548306628627164953157161),
(7.90000000010000e9, 0.0000606815170138647, 0.022841229575212421403878951958986446494),
(7.91000000010000e9, 0.0000607583290607167, 0.022844365951669859332381388425104765978),
(7.92000000010000e9, 0.0000608351411075687, 0.022846853346926789276555155060004921779),
(7.93000000010000e9, 0.0000609119531544207, 0.022849092637911187352904394023414247826),
(7.94000000010000e9, 0.0000609887652012728, 0.022850922809276946691123968374380803593),
(7.95000000010000e9, 0.0000610655772481248, 0.022852519204451851046557505500479388104),
(7.96000000010000e9, 0.0000611423892949768, 0.022855929853154928088022437111663219540),
(7.97000000010000e9, 0.0000612192013418288, 0.022858404939157472368862235565695182452),
(7.98000000010000e9, 0.0000612960133886808, 0.022862075827785590846083268863052218902),
(7.99000000010000e9, 0.0000613728254355329, 0.022865982754194560189264930337655389631),
(8.00000000010000e9, 0.0000614496374823849, 0.022869547955985817933247811727558079792),
(8.01000000010000e9, 0.0000615264495292369, 0.022872758103726557008874729879693795689),
(8.02000000010000e9, 0.0000616032615760889, 0.022877121611376006608838432573630108792),
(8.03000000010000e9, 0.0000616800736229409, 0.022879374913191449070521494344649136496),
(8.04000000010000e9, 0.0000617568856697930, 0.022881968995626705687669830895684009313),
(8.05000000010000e9, 0.0000618336977166450, 0.022884641131263960405094916120417859953),
(8.06000000010000e9, 0.0000619105097634970, 0.022886759201460356490820988410702581348),
(8.07000000010000e9, 0.0000619873218103490, 0.022889190058350150345473266506855372869),
(8.08000000010000e9, 0.0000620641338572010, 0.022890614510451043887705554171319513503),
(8.09000000010000e9, 0.0000621409459040531, 0.022892958859288479885777067055698062477),
(8.10000000010000e9, 0.0000622177579509051, 0.022896731591143491953088736579238845917),
(8.11000000010000e9, 0.0000622945699977571, 0.022900284548920010598682468885168468551),
(8.12000000010000e9, 0.0000623713820446091, 0.022901991092670726110847491171741621685),
(8.13000000010000e9, 0.0000624481940914612, 0.022905729107827918648940079223278084012),
(8.14000000010000e9, 0.0000625250061383132, 0.022910187059636328125185054904967799061),
(8.15000000010000e9, 0.0000626018181851652, 0.022913368249888919076268206789679562299),
(8.16000000010000e9, 0.0000626786302320172, 0.022914665979645308812321855729331420246),
(8.17000000010000e9, 0.0000627554422788692, 0.022918839401270709422755456176592980369),
(8.18000000010000e9, 0.0000628322543257213, 0.022921151210127088424532692877771790980),
(8.19000000010000e9, 0.0000629090663725733, 0.022923976092786936081973903158411071937),
(8.20000000010000e9, 0.0000629858784194253, 0.022926874848852845661103168776115143847),
(8.21000000010000e9, 0.0000630626904662773, 0.022929767700914817419076722175484140592),
(8.22000000010000e9, 0.0000631395025131293, 0.022933498490465441255549846021788221955),
(8.23000000010000e9, 0.0000632163145599814, 0.022936629769778123649236665268413823597),
(8.24000000010000e9, 0.0000632931266068334, 0.022939490223116156354683548969761047374),
(8.25000000010000e9, 0.0000633699386536854, 0.022942203511715052387210222757971019167),
(8.26000000010000e9, 0.0000634467507005374, 0.022944285525883454720429949812503399267),
(8.27000000010000e9, 0.0000635235627473895, 0.022946904757568651813969599825466022451),
(8.28000000010000e9, 0.0000636003747942415, 0.022950468321047312417981073227422408939),
(8.29000000010000e9, 0.0000636771868410935, 0.022954021223581559679712456195967486542),
(8.30000000010000e9, 0.0000637539988879455, 0.022956959486906332031972252533650160513),
(8.31000000010000e9, 0.0000638308109347975, 0.022958717844467733080183695821998243511),
(8.32000000010000e9, 0.0000639076229816496, 0.022961464450009382365102980794914309155),
(8.33000000010000e9, 0.0000639844350285016, 0.022966418184955308725907103269862156145),
(8.34000000010000e9, 0.0000640612470753536, 0.022968498820233325354005857193530309331),
(8.35000000010000e9, 0.0000641380591222056, 0.022971704283408856068744571108024890134),
(8.36000000010000e9, 0.0000642148711690576, 0.022975318064198104506463489080435305442),
(8.37000000010000e9, 0.0000642916832159097, 0.022978180926349843600210033234485218081),
(8.38000000010000e9, 0.0000643684952627617, 0.022981107010001469307004306758542882899),
(8.39000000010000e9, 0.0000644453073096137, 0.022984332458102162599746486707785770713),
(8.40000000010000e9, 0.0000645221193564657, 0.022988507286349432363278246176536414251),
(8.41000000010000e9, 0.0000645989314033177, 0.022991836771567223248974541278773774062),
(8.42000000010000e9, 0.0000646757434501698, 0.022995922623665148835005072781581981295),
(8.43000000010000e9, 0.0000647525554970218, 0.022998536059467891045846283566927588622),
(8.44000000010000e9, 0.0000648293675438738, 0.023000162403281295451400943655034371582),
(8.45000000010000e9, 0.0000649061795907258, 0.023001461423232018335191555846408663350),
(8.46000000010000e9, 0.0000649829916375778, 0.023003582390620337933050992866189194635),
(8.47000000010000e9, 0.0000650598036844299, 0.023007188868353787010898500250382349890),
(8.48000000010000e9, 0.0000651366157312819, 0.023009137857604540209454547182846829507),
(8.49000000010000e9, 0.0000652134277781339, 0.023011672579615726934126392152369331139),
(8.50000000010000e9, 0.0000652902398249859, 0.023015374841170126621926284727830973185),
(8.51000000010000e9, 0.0000653670518718380, 0.023018375898430786147202542559147322931),
(8.52000000010000e9, 0.0000654438639186900, 0.023022909961290821410248881357702187336),
(8.53000000010000e9, 0.0000655206759655420, 0.023025863418740209907877694215991301557),
(8.54000000010000e9, 0.0000655974880123940, 0.023028185265733106301982764607026974320),
(8.55000000010000e9, 0.0000656743000592460, 0.023033566373606464814213094865616310610),
(8.56000000010000e9, 0.0000657511121060981, 0.023036928898412682690870281437251678120),
(8.57000000010000e9, 0.0000658279241529501, 0.023040161607101892332650203216059367567),
(8.58000000010000e9, 0.0000659047361998021, 0.023043636323283795791921120812839633129),
(8.59000000010000e9, 0.0000659815482466541, 0.023047186377376397560711403469909115654),
(8.60000000010000e9, 0.0000660583602935061, 0.023050424904288893774303447030623898988),
(8.61000000010000e9, 0.0000661351723403582, 0.023054354880030366044442449720776739742),
(8.62000000010000e9, 0.0000662119843872102, 0.023057005885439716425703604776453345870),
(8.63000000010000e9, 0.0000662887964340622, 0.023060515649510795983630744779225466254),
(8.64000000010000e9, 0.0000663656084809142, 0.023064637974092192260281410546394683498),
(8.65000000010000e9, 0.0000664424205277663, 0.023067941429411422226157312790581712464),
(8.66000000010000e9, 0.0000665192325746183, 0.023071137046006282313439888260985652715),
(8.67000000010000e9, 0.0000665960446214703, 0.023073705638256348889889138776866085511),
(8.68000000010000e9, 0.0000666728566683223, 0.023077486363878906814242662992821995897),
(8.69000000010000e9, 0.0000667496687151743, 0.023081257660465075448304619559937803725),
(8.70000000010000e9, 0.0000668264807620264, 0.023084430798730088523504679653819041296),
(8.71000000010000e9, 0.0000669032928088784, 0.023086852695549784559327743399566211075),
(8.72000000010000e9, 0.0000669801048557304, 0.023090381287039259301750871029792150938),
(8.73000000010000e9, 0.0000670569169025824, 0.023092238786845254762854306137821807959),
(8.74000000010000e9, 0.0000671337289494344, 0.023096002710792738732785245182320311030),
(8.75000000010000e9, 0.0000672105409962865, 0.023098861047859269019859417660140675518),
(8.76000000010000e9, 0.0000672873530431385, 0.023102715934572186003739011745340455857),
(8.77000000010000e9, 0.0000673641650899905, 0.023107971646452171643075044002918474695),
(8.78000000010000e9, 0.0000674409771368425, 0.023112258652457251166423328869297086417),
(8.79000000010000e9, 0.0000675177891836945, 0.023115353806925793866957397188206410358),
(8.80000000010000e9, 0.0000675946012305466, 0.023118904510770341287322362840036233865),
(8.81000000010000e9, 0.0000676714132773986, 0.023122781540887987769594779304559250693),
(8.82000000010000e9, 0.0000677482253242506, 0.023126926031230084066314025315226505435),
(8.83000000010000e9, 0.0000678250373711026, 0.023129411749062031459852760695293845856),
(8.84000000010000e9, 0.0000679018494179546, 0.023132508020528286284533226366365538144),
(8.85000000010000e9, 0.0000679786614648067, 0.023136427036354909800982036584760023596),
(8.86000000010000e9, 0.0000680554735116587, 0.023140444907822586506713660449162572822),
(8.87000000010000e9, 0.0000681322855585107, 0.023141282977295217665261151260832181440),
(8.88000000010000e9, 0.0000682090976053627, 0.023144219536429114559877879783225445601),
(8.89000000010000e9, 0.0000682859096522147, 0.023147035223655013991935753158404201394),
(8.90000000010000e9, 0.0000683627216990668, 0.023151634530579518570907290561687546684),
(8.91000000010000e9, 0.0000684395337459188, 0.023154259077031613811816436582703216627),
(8.92000000010000e9, 0.0000685163457927708, 0.023157390395691456768511853432845144826),
(8.93000000010000e9, 0.0000685931578396228, 0.023159841956356547764336569282576066294),
(8.94000000010000e9, 0.0000686699698864749, 0.023163684972675934116259282857449638566),
(8.95000000010000e9, 0.0000687467819333269, 0.023165896860884312147198327724541699787),
(8.96000000010000e9, 0.0000688235939801789, 0.023169513943567568026133206584847709132),
(8.97000000010000e9, 0.0000689004060270309, 0.023173169508987887358769084477711530677),
(8.98000000010000e9, 0.0000689772180738829, 0.023176620036068782520606777695534189185),
(8.99000000010000e9, 0.0000690540301207350, 0.023180197506653288919576088087254475600),
(9.00000000010000e9, 0.0000691308421675870, 0.023183901537871091523303253389227999198),
(9.01000000010000e9, 0.0000692076542144390, 0.023187847567462630133341149965124233363),
(9.02000000010000e9, 0.0000692844662612910, 0.023191533935022281222382992253669681553),
(9.03000000010000e9, 0.0000693612783081430, 0.023194300205413920354020318498065572625),
(9.04000000010000e9, 0.0000694380903549951, 0.023197850714879417297181617891074559851),
(9.05000000010000e9, 0.0000695149024018471, 0.023201203354629612984433822853655721892),
(9.06000000010000e9, 0.0000695917144486991, 0.023204805216570937865793194666042267817),
(9.07000000010000e9, 0.0000696685264955511, 0.023207872860844383467685964788045983772),
(9.08000000010000e9, 0.0000697453385424032, 0.023210032920143508158845613789675607489),
(9.09000000010000e9, 0.0000698221505892552, 0.023214241014941530659560511859723753071),
(9.10000000010000e9, 0.0000698989626361072, 0.023218394191215176360937855847493180589),
(9.11000000010000e9, 0.0000699757746829592, 0.023221638190190790642911229752297769860),
(9.12000000010000e9, 0.0000700525867298112, 0.023224343119898773253193896285144777708),
(9.13000000010000e9, 0.0000701293987766633, 0.023229447156290432435289883964855048860),
(9.14000000010000e9, 0.0000702062108235153, 0.023232036753271469362688652732215151974),
(9.15000000010000e9, 0.0000702830228703673, 0.023235512311001791414444244637839838651),
(9.16000000010000e9, 0.0000703598349172193, 0.023239139581233561143158591035220385586),
(9.17000000010000e9, 0.0000704366469640713, 0.023240888864661819062812644173260547100),
(9.18000000010000e9, 0.0000705134590109234, 0.023243277548134311991295785774503595656),
(9.19000000010000e9, 0.0000705902710577754, 0.023245802604106526525435933797522093482),
(9.20000000010000e9, 0.0000706670831046274, 0.023250249443110830561309197619048147248),
(9.21000000010000e9, 0.0000707438951514794, 0.023252264246943384533110260278843326081),
(9.22000000010000e9, 0.0000708207071983314, 0.023254648519835033620820255357676504513),
(9.23000000010000e9, 0.0000708975192451835, 0.023257962712051640440941553840283220607),
(9.24000000010000e9, 0.0000709743312920355, 0.023261601837773892199528964362214604502),
(9.25000000010000e9, 0.0000710511433388875, 0.023264613738981441972197638551471659196),
(9.26000000010000e9, 0.0000711279553857395, 0.023268275644965408218833794022479457957),
(9.27000000010000e9, 0.0000712047674325915, 0.023272132356793861220461712813705222158),
(9.28000000010000e9, 0.0000712815794794436, 0.023273508989495402766469813390327054668),
(9.29000000010000e9, 0.0000713583915262956, 0.023276886320682039566656694133705355694),
(9.30000000010000e9, 0.0000714352035731476, 0.023279884588170794088868679146861838460),
(9.31000000010000e9, 0.0000715120156199996, 0.023284040195813682826056622258591661205),
(9.32000000010000e9, 0.0000715888276668516, 0.023288156323142110600017242707152219776),
(9.33000000010000e9, 0.0000716656397137037, 0.023291416202442206977618971279341619100),
(9.34000000010000e9, 0.0000717424517605557, 0.023296499597143886714996951222382633390),
(9.35000000010000e9, 0.0000718192638074077, 0.023299338686903362730613656454213726607),
(9.36000000010000e9, 0.0000718960758542597, 0.023302043254073464963368800394745943637),
(9.37000000010000e9, 0.0000719728879011118, 0.023304406068854919188151521918305125772),
(9.38000000010000e9, 0.0000720496999479638, 0.023306688832286003268749905768130320412),
(9.39000000010000e9, 0.0000721265119948158, 0.023311926450863251349614044202329703164),
(9.40000000010000e9, 0.0000722033240416678, 0.023316170257010027270417937576135440540),
(9.41000000010000e9, 0.0000722801360885198, 0.023320690086383628462735198875104355104),
(9.42000000010000e9, 0.0000723569481353719, 0.023323876971056812432123088882097020924),
(9.43000000010000e9, 0.0000724337601822239, 0.023326751352167921153808627234472982731),
(9.44000000010000e9, 0.0000725105722290759, 0.023329626769049899984950971677747939063),
(9.45000000010000e9, 0.0000725873842759279, 0.023333480339574313751113756026062339267),
(9.46000000010000e9, 0.0000726641963227799, 0.023336438394414903782552291024358458316),
(9.47000000010000e9, 0.0000727410083696320, 0.023339820956984473469520456175523978634),
(9.48000000010000e9, 0.0000728178204164840, 0.023343431765437894094086668761731921817),
(9.49000000010000e9, 0.0000728946324633360, 0.023346886163505429989500936052003654126),
(9.50000000010000e9, 0.0000729714445101880, 0.023349483317072637243457300960124839329),
(9.51000000010000e9, 0.0000730482565570401, 0.023352246950983932217866015198708311168),
(9.52000000010000e9, 0.0000731250686038921, 0.023355811626174722180558780299298266587),
(9.53000000010000e9, 0.0000732018806507441, 0.023357327141746452504685515095387629880),
(9.54000000010000e9, 0.0000732786926975961, 0.023362349109268712371903912195838408693),
(9.55000000010000e9, 0.0000733555047444481, 0.023367623308164519420404135612599388733),
(9.56000000010000e9, 0.0000734323167913002, 0.023371640521921573567531461867912499824),
(9.57000000010000e9, 0.0000735091288381522, 0.023373969112669066269949905507326595236),
(9.58000000010000e9, 0.0000735859408850042, 0.023377881925489569424797632865401430700),
(9.59000000010000e9, 0.0000736627529318562, 0.023379696010383317242091268427609507302),
(9.60000000010000e9, 0.0000737395649787082, 0.023382923429898243386936807433222266571),
(9.61000000010000e9, 0.0000738163770255603, 0.023387142344776238311379419012770043839),
(9.62000000010000e9, 0.0000738931890724123, 0.023390618637819550916663600841861896466),
(9.63000000010000e9, 0.0000739700011192643, 0.023395470042910684327265640384773278908),
(9.64000000010000e9, 0.0000740468131661163, 0.023397736319707392416074806195428970332),
(9.65000000010000e9, 0.0000741236252129683, 0.023401531174021419879692497006457653138),
(9.66000000010000e9, 0.0000742004372598204, 0.023403834144268357626525093998717092515),
(9.67000000010000e9, 0.0000742772493066724, 0.023407315589353386942887957553007377739),
(9.68000000010000e9, 0.0000743540613535244, 0.023410018770826993872687497614352892702),
(9.69000000010000e9, 0.0000744308734003764, 0.023411325898755976473886482210337237254),
(9.70000000010000e9, 0.0000745076854472284, 0.023414716929300466223332303765621406562),
(9.71000000010000e9, 0.0000745844974940805, 0.023417002976670396472817776257011633316),
(9.72000000010000e9, 0.0000746613095409325, 0.023420080811520351750245330137241991266),
(9.73000000010000e9, 0.0000747381215877845, 0.023423586798504841960542358211014862849),
(9.74000000010000e9, 0.0000748149336346365, 0.023426372576396785517747634406553058328),
(9.75000000010000e9, 0.0000748917456814885, 0.023429328086352962908979910406640576440),
(9.76000000010000e9, 0.0000749685577283406, 0.023432681293703430245731936919460899671),
(9.77000000010000e9, 0.0000750453697751926, 0.023435811405244179747767272932857433150),
(9.78000000010000e9, 0.0000751221818220446, 0.023438161335609828679792302000942173634),
(9.79000000010000e9, 0.0000751989938688966, 0.023441091786100870296500684037663792081),
(9.80000000010000e9, 0.0000752758059157487, 0.023443253714378416214098796449091967121),
(9.81000000010000e9, 0.0000753526179626007, 0.023446305785238683063922690385711276524),
(9.82000000010000e9, 0.0000754294300094527, 0.023449170134008463567902723423050846270),
(9.83000000010000e9, 0.0000755062420563047, 0.023452391676968222230614215479014630310),
(9.84000000010000e9, 0.0000755830541031567, 0.023454357702532796015108226864889287232),
(9.85000000010000e9, 0.0000756598661500088, 0.023458519790532460211610509870490739703),
(9.86000000010000e9, 0.0000757366781968608, 0.023460968911883060276912257446156383558),
(9.87000000010000e9, 0.0000758134902437128, 0.023463465995109403508672023369874084946),
(9.88000000010000e9, 0.0000758903022905648, 0.023466397251375896027568155957220133701),
(9.89000000010000e9, 0.0000759671143374168, 0.023470809479829989872015575570562627472),
(9.90000000010000e9, 0.0000760439263842689, 0.023474392594482895798707034205820666899),
(9.91000000010000e9, 0.0000761207384311209, 0.023478026115046566262896123222235717298),
(9.92000000010000e9, 0.0000761975504779729, 0.023480778892652102243530122635412035195),
(9.93000000010000e9, 0.0000762743625248249, 0.023483729414925519305531667923772580742),
(9.94000000010000e9, 0.0000763511745716770, 0.023487696976079611169424236666273768808),
(9.95000000010000e9, 0.0000764279866185290, 0.023491810654516389012363615834704359022),
(9.96000000010000e9, 0.0000765047986653810, 0.023494423722153271441455135520301675307),
(9.97000000010000e9, 0.0000765816107122330, 0.023497913878567281358991115536991137576),
(9.98000000010000e9, 0.0000766584227590850, 0.023501328271889934942424190873092379432),
(9.99000000010000e9, 0.0000767352348059371, 0.023503860850878949032906851397236258760)]
